-32733
-32429
-32375
-32179
-32169
-31987
-31895
-31725
-31453
-31407
-31265
-31053
-30655
-30089
-29929
-29351
-29125
-28225
-28213
-27949
-27845
-27245
-27217
-26783
-26755
-26667
-26443
-26155
-26091
-26053
-25987
-25841
-25681
-25537
-25527
-25439
-25179
-24873
-24481
-24425
-24267
-24071
-23245
-23151
-23063
-22787
-22679
-22015
-21691
-21571
-21235
-21189
-21085
-20879
-20249
-20135
-19675
-19481
-19451
-19443
-18837
-18809
-18529
-17821
-17779
-17605
-17273
-16791
-16717
-16415
-16377
-16333
-16039
-15753
-15593
-15447
-15053
-14983
-14911
-14483
-14455
-14375
-14167
-14029
-13945
-13905
-13813
-13035
-13021
-12075
-11371
-11217
-11109
-10931
-10439
-10177
-9797
-9525
-9501
-9463
-9175
-8265
-8211
-7801
-7563
-7457
-7297
-6941
-6755
-6683
-6549
-5575
-5517
-5149
-5027
-4535
-3651
-3583
-3459
-3381
-3229
-2405
-2147
-1953
-1873
-1719
-1711
-1689
-1151
-977
-701
124
520
536
628
912
1126
1136
2142
2260
2288
2292
2924
3280
3424
3488
3546
3880
3944
4448
4798
5230
5492
5656
6008
6244
6284
6476
6774
6948
6954
7220
7346
7366
7640
7876
8690
8740
8784
8904
9244
9584
10022
10176
10240
10310
10524
10554
10766
10868
11282
11722
11742
11778
12404
12406
12484
13040
13654
13946
14098
14190
14380
14486
14654
15086
15230
15358
15482
15740
16122
16214
16280
16324
16620
16880
17010
17084
17134
17562
18038
18144
18384
18864
19296
19488
19642
19822
20014
21200
21256
21528
22340
23058
23322
23416
23490
23892
24802
25938
26734
27380
27476
27502
27546
27594
27898
27922
28444
29244
29300
29484
29506
29616
29978
30036
30264
30382
30396
30680
31060
31256
31320
31334
31806
32182
