-32429
-32169
-31987
-31453
-31053
-30655
-29929
-29351
-27949
-27245
-26783
-26667
-26443
-26155
-26091
-26053
-25841
-25439
-24267
-23245
-23151
-23063
-22679
-21189
-20879
-20249
-19481
-19451
-18837
-16791
-16717
-15753
-15053
-14983
-14455
-13945
-13905
-13021
-12075
-11217
-11109
-9797
-9463
-8211
-6755
-6683
-6549
-5149
-3583
-3459
-3381
-1953
-1873
-1719
-1711
-701
124
1136
2142
2288
2292
3280
3424
3488
3880
4448
5492
5656
6008
6284
6476
6948
6954
7346
7640
7876
8690
8740
8904
9244
9584
10240
10310
10524
10554
10766
10868
11282
11722
11742
12484
13946
14380
14486
14654
15230
15358
15740
16214
16324
16620
16880
17084
18038
18144
18864
19488
19642
19822
20014
21256
22340
23058
23892
27502
27546
27898
28444
29506
29616
29978
30036
30264
30382
30396
30680
31060
31256
