-32733
-32707
-32463
-32429
-32389
-32375
-32179
-32169
-32017
-31987
-31895
-31759
-31725
-31569
-31453
-31407
-31265
-31053
-30871
-30735
-30679
-30655
-30525
-30089
-29929
-29699
-29675
-29401
-29351
-29213
-29211
-29125
-29097
-28977
-28925
-28919
-28733
-28553
-28549
-28275
-28225
-28213
-27953
-27949
-27845
-27601
-27325
-27245
-27217
-26783
-26755
-26689
-26667
-26599
-26443
-26155
-26113
-26091
-26053
-25987
-25841
-25681
-25537
-25527
-25511
-25439
-25179
-24873
-24547
-24481
-24441
-24425
-24295
-24267
-24183
-24071
-24013
-23727
-23685
-23641
-23311
-23245
-23151
-23079
-23063
-23009
-22787
-22735
-22691
-22679
-22655
-22619
-22441
-22417
-22015
-21747
-21691
-21631
-21617
-21571
-21495
-21235
-21189
-21121
-21085
-20987
-20961
-20879
-20521
-20249
-20135
-19713
-19675
-19559
-19481
-19451
-19443
-19259
-18885
-18837
-18809
-18649
-18529
-18335
-18133
-17821
-17779
-17605
-17273
-17271
-17055
-17055
-16985
-16859
-16791
-16791
-16717
-16523
-16415
-16377
-16333
-16039
-15923
-15819
-15753
-15593
-15447
-15371
-15117
-15053
-14983
-14911
-14607
-14483
-14455
-14375
-14313
-14167
-14029
-13945
-13905
-13813
-13709
-13605
-13489
-13235
-13197
-13035
-13021
-12443
-12121
-12075
-11697
-11465
-11427
-11405
-11371
-11239
-11221
-11217
-11109
-10931
-10731
-10675
-10497
-10439
-10205
-10177
-10005
-9797
-9525
-9501
-9463
-9425
-9175
-8983
-8401
-8359
-8337
-8313
-8307
-8265
-8211
-8011
-7801
-7563
-7533
-7457
-7303
-7297
-6949
-6941
-6941
-6783
-6755
-6739
-6715
-6683
-6549
-6049
-5813
-5575
-5537
-5517
-5439
-5151
-5149
-5125
-5027
-4945
-4823
-4687
-4535
-4151
-3651
-3649
-3583
-3499
-3461
-3459
-3381
-3229
-2795
-2405
-2375
-2147
-2119
-2083
-2075
-1993
-1953
-1873
-1857
-1719
-1711
-1689
-1151
-977
-931
-775
-701
-97
124
520
536
628
870
912
1012
1126
1136
1148
1458
1478
1520
1554
1788
2142
2260
2288
2292
2366
2478
2484
2634
2894
2924
2952
3072
3088
3280
3354
3424
3488
3546
3718
3880
3944
4066
4088
4346
4448
4684
4772
4798
5220
5230
5256
5492
5656
5904
6008
6112
6244
6284
6476
6548
6722
6744
6774
6948
6954
6988
7006
7220
7346
7366
7640
7876
8296
8690
8740
8748
8784
8904
9072
9228
9244
9584
9622
9754
9836
9900
10022
10176
10240
10240
10308
10310
10440
10470
10524
10554
10728
10760
10766
10770
10802
10830
10868
11282
11722
11742
11778
11930
12016
12038
12156
12404
12406
12484
12602
12680
13040
13072
13632
13654
13730
13946
14094
14098
14190
14380
14486
14654
14816
14948
15086
15130
15230
15358
15482
15524
15740
16122
16214
16232
16280
16324
16388
16620
16864
16880
16968
17010
17084
17116
17134
17208
17468
17562
17762
17764
17890
17942
18010
18018
18038
18144
18158
18384
18864
18864
19296
19442
19488
19624
19642
19822
19992
20014
20328
20464
20730
21200
21254
21256
21482
21528
21638
21840
21846
22198
22340
23058
23322
23416
23434
23490
23550
23646
23768
23892
24198
24330
24452
24524
24542
24802
25938
26024
26338
26518
26586
26648
26730
26734
26852
27280
27380
27476
27502
27546
27550
27594
27898
27908
27922
28444
28696
28762
29002
29244
29300
29484
29506
29616
29648
29906
29978
30036
30080
30214
30264
30382
30388
30396
30680
30696
31060
31256
31320
31334
31558
31564
31712
31748
31806
32140
32182
32402
32420
