-32763
-32763
-32747
-32743
-32739
-32717
-32715
-32697
-32691
-32687
-32687
-32687
-32681
-32677
-32673
-32653
-32653
-32641
-32637
-32601
-32601
-32597
-32591
-32591
-32585
-32583
-32577
-32575
-32563
-32553
-32551
-32545
-32527
-32525
-32515
-32499
-32499
-32499
-32477
-32461
-32457
-32457
-32457
-32449
-32439
-32431
-32427
-32413
-32403
-32397
-32393
-32381
-32379
-32377
-32371
-32367
-32367
-32367
-32365
-32357
-32353
-32329
-32327
-32325
-32325
-32321
-32301
-32277
-32271
-32247
-32243
-32239
-32233
-32207
-32193
-32179
-32165
-32151
-32141
-32125
-32117
-32109
-32105
-32103
-32097
-32085
-32085
-32071
-32065
-32061
-32053
-32051
-32049
-32041
-32039
-32037
-32019
-32019
-32017
-32011
-32011
-32007
-31999
-31991
-31989
-31979
-31955
-31947
-31947
-31943
-31939
-31937
-31931
-31913
-31909
-31903
-31901
-31891
-31881
-31881
-31881
-31873
-31871
-31865
-31855
-31843
-31841
-31793
-31783
-31783
-31759
-31759
-31741
-31717
-31697
-31687
-31679
-31671
-31655
-31635
-31633
-31621
-31619
-31617
-31611
-31609
-31599
-31595
-31581
-31581
-31573
-31569
-31569
-31569
-31567
-31559
-31547
-31539
-31533
-31525
-31525
-31513
-31507
-31495
-31491
-31479
-31477
-31459
-31457
-31453
-31433
-31431
-31427
-31389
-31379
-31365
-31353
-31351
-31349
-31349
-31349
-31349
-31335
-31327
-31319
-31313
-31301
-31299
-31265
-31251
-31251
-31245
-31241
-31235
-31229
-31213
-31193
-31191
-31179
-31179
-31179
-31173
-31143
-31135
-31135
-31127
-31121
-31119
-31109
-31093
-31079
-31077
-31067
-31065
-31063
-31063
-31039
-31021
-30973
-30961
-30955
-30953
-30947
-30923
-30921
-30911
-30909
-30897
-30897
-30879
-30877
-30867
-30865
-30863
-30861
-30849
-30831
-30827
-30815
-30801
-30795
-30785
-30771
-30769
-30767
-30763
-30761
-30761
-30733
-30727
-30725
-30725
-30701
-30693
-30683
-30679
-30677
-30675
-30673
-30667
-30661
-30643
-30627
-30625
-30623
-30613
-30609
-30609
-30607
-30607
-30593
-30581
-30579
-30575
-30565
-30557
-30539
-30489
-30483
-30477
-30461
-30449
-30433
-30423
-30423
-30415
-30409
-30405
-30405
-30403
-30403
-30385
-30381
-30381
-30381
-30377
-30371
-30357
-30357
-30353
-30343
-30341
-30333
-30333
-30333
-30331
-30325
-30323
-30319
-30315
-30311
-30311
-30307
-30307
-30305
-30297
-30297
-30295
-30291
-30289
-30289
-30287
-30279
-30279
-30279
-30269
-30259
-30255
-30237
-30221
-30205
-30195
-30185
-30183
-30167
-30165
-30159
-30143
-30143
-30141
-30139
-30133
-30131
-30129
-30119
-30117
-30109
-30101
-30097
-30097
-30089
-30079
-30077
-30073
-30073
-30025
-30009
-29993
-29989
-29987
-29985
-29985
-29977
-29975
-29971
-29951
-29943
-29935
-29925
-29925
-29901
-29891
-29885
-29885
-29881
-29875
-29847
-29845
-29825
-29821
-29791
-29789
-29763
-29749
-29745
-29741
-29739
-29735
-29717
-29707
-29703
-29699
-29699
-29689
-29657
-29609
-29607
-29603
-29595
-29591
-29577
-29575
-29559
-29553
-29541
-29535
-29531
-29531
-29511
-29497
-29497
-29491
-29475
-29451
-29439
-29437
-29409
-29403
-29401
-29383
-29355
-29339
-29329
-29321
-29315
-29315
-29315
-29311
-29311
-29305
-29297
-29281
-29279
-29279
-29273
-29271
-29271
-29245
-29237
-29229
-29229
-29219
-29217
-29215
-29209
-29185
-29185
-29183
-29177
-29177
-29169
-29165
-29145
-29137
-29121
-29121
-29119
-29115
-29113
-29113
-29087
-29087
-29085
-29081
-29073
-29073
-29063
-29063
-29061
-29049
-29043
-29033
-29021
-29021
-29021
-29021
-29011
-28989
-28977
-28975
-28973
-28973
-28961
-28959
-28959
-28951
-28943
-28941
-28933
-28931
-28925
-28919
-28905
-28905
-28901
-28899
-28887
-28881
-28881
-28877
-28849
-28835
-28831
-28821
-28813
-28795
-28783
-28783
-28771
-28763
-28757
-28711
-28709
-28705
-28703
-28703
-28685
-28671
-28665
-28665
-28619
-28619
-28619
-28611
-28603
-28595
-28593
-28589
-28587
-28575
-28567
-28567
-28557
-28537
-28535
-28531
-28523
-28519
-28501
-28497
-28495
-28491
-28465
-28445
-28437
-28437
-28429
-28429
-28421
-28405
-28399
-28399
-28397
-28389
-28377
-28377
-28363
-28351
-28331
-28325
-28315
-28311
-28305
-28299
-28285
-28285
-28285
-28281
-28281
-28263
-28259
-28245
-28237
-28231
-28229
-28229
-28209
-28195
-28187
-28163
-28155
-28145
-28143
-28139
-28135
-28127
-28125
-28119
-28111
-28107
-28105
-28105
-28083
-28061
-28051
-28035
-28011
-28011
-28011
-27997
-27995
-27987
-27983
-27975
-27975
-27973
-27969
-27953
-27941
-27933
-27923
-27921
-27921
-27913
-27903
-27885
-27879
-27865
-27861
-27855
-27841
-27837
-27833
-27825
-27823
-27823
-27789
-27779
-27777
-27759
-27753
-27751
-27751
-27735
-27731
-27727
-27723
-27717
-27715
-27705
-27701
-27699
-27681
-27679
-27665
-27657
-27657
-27649
-27631
-27629
-27603
-27601
-27579
-27567
-27567
-27559
-27559
-27559
-27559
-27557
-27537
-27537
-27537
-27533
-27529
-27529
-27527
-27519
-27519
-27513
-27507
-27501
-27489
-27467
-27463
-27437
-27433
-27433
-27431
-27431
-27429
-27429
-27425
-27419
-27403
-27401
-27397
-27397
-27395
-27393
-27381
-27365
-27361
-27355
-27343
-27325
-27323
-27321
-27319
-27317
-27315
-27311
-27309
-27309
-27309
-27305
-27295
-27293
-27293
-27281
-27259
-27251
-27251
-27247
-27243
-27231
-27231
-27225
-27197
-27195
-27181
-27137
-27131
-27121
-27119
-27107
-27107
-27089
-27067
-27061
-27061
-27057
-27055
-27025
-27021
-27021
-27005
-27005
-26993
-26991
-26977
-26977
-26971
-26957
-26939
-26935
-26929
-26929
-26927
-26925
-26923
-26919
-26915
-26911
-26909
-26877
-26877
-26869
-26857
-26849
-26847
-26847
-26841
-26817
-26815
-26809
-26809
-26807
-26805
-26803
-26795
-26771
-26767
-26759
-26751
-26747
-26735
-26733
-26727
-26727
-26709
-26703
-26699
-26689
-26681
-26673
-26665
-26657
-26647
-26641
-26635
-26633
-26627
-26613
-26609
-26605
-26587
-26579
-26567
-26565
-26561
-26555
-26511
-26505
-26495
-26487
-26487
-26483
-26473
-26461
-26451
-26451
-26445
-26443
-26441
-26435
-26435
-26417
-26403
-26403
-26401
-26397
-26395
-26387
-26379
-26377
-26371
-26365
-26361
-26353
-26351
-26351
-26335
-26309
-26309
-26303
-26303
-26299
-26289
-26289
-26275
-26263
-26257
-26233
-26229
-26211
-26209
-26203
-26191
-26191
-26183
-26177
-26175
-26173
-26173
-26169
-26161
-26161
-26161
-26155
-26155
-26149
-26145
-26145
-26143
-26121
-26105
-26097
-26065
-26023
-26017
-26015
-26015
-26013
-26013
-26007
-26005
-26005
-25999
-25983
-25973
-25961
-25959
-25959
-25957
-25953
-25943
-25931
-25927
-25927
-25919
-25917
-25899
-25875
-25873
-25861
-25849
-25831
-25825
-25815
-25813
-25811
-25809
-25797
-25791
-25791
-25775
-25773
-25763
-25751
-25743
-25737
-25737
-25707
-25705
-25703
-25703
-25697
-25689
-25685
-25685
-25681
-25673
-25659
-25659
-25637
-25635
-25633
-25617
-25613
-25607
-25605
-25589
-25581
-25575
-25573
-25561
-25555
-25555
-25553
-25537
-25533
-25527
-25525
-25523
-25517
-25511
-25511
-25511
-25507
-25507
-25499
-25497
-25483
-25471
-25469
-25457
-25429
-25425
-25415
-25405
-25395
-25387
-25375
-25367
-25361
-25335
-25315
-25313
-25291
-25277
-25277
-25275
-25271
-25269
-25267
-25261
-25259
-25249
-25235
-25225
-25205
-25185
-25185
-25161
-25145
-25119
-25113
-25109
-25085
-25083
-25077
-25061
-25059
-25043
-25031
-25027
-25003
-24991
-24981
-24955
-24941
-24933
-24933
-24927
-24919
-24915
-24913
-24907
-24891
-24889
-24887
-24885
-24881
-24877
-24873
-24869
-24855
-24851
-24843
-24823
-24823
-24823
-24807
-24789
-24785
-24785
-24781
-24769
-24765
-24765
-24757
-24755
-24755
-24749
-24743
-24741
-24739
-24739
-24737
-24733
-24731
-24703
-24695
-24691
-24687
-24681
-24677
-24671
-24667
-24661
-24655
-24647
-24635
-24613
-24613
-24611
-24611
-24609
-24609
-24599
-24591
-24581
-24571
-24561
-24559
-24557
-24551
-24549
-24549
-24547
-24547
-24533
-24525
-24501
-24501
-24497
-24497
-24493
-24489
-24483
-24461
-24459
-24459
-24459
-24457
-24451
-24451
-24449
-24439
-24435
-24433
-24407
-24393
-24389
-24385
-24385
-24379
-24373
-24365
-24363
-24361
-24349
-24347
-24337
-24335
-24317
-24315
-24315
-24297
-24295
-24293
-24293
-24285
-24283
-24271
-24259
-24255
-24241
-24237
-24237
-24235
-24221
-24215
-24181
-24167
-24159
-24155
-24147
-24139
-24129
-24127
-24127
-24123
-24111
-24101
-24093
-24091
-24081
-24071
-24069
-24033
-24029
-24013
-24001
-23997
-23985
-23979
-23959
-23949
-23935
-23931
-23927
-23913
-23905
-23885
-23883
-23877
-23869
-23869
-23843
-23837
-23827
-23811
-23805
-23789
-23767
-23761
-23749
-23747
-23747
-23747
-23743
-23727
-23715
-23709
-23707
-23703
-23695
-23685
-23683
-23683
-23657
-23657
-23647
-23639
-23633
-23595
-23595
-23569
-23567
-23551
-23547
-23543
-23521
-23505
-23505
-23485
-23479
-23473
-23471
-23465
-23465
-23463
-23461
-23443
-23439
-23433
-23431
-23429
-23427
-23423
-23415
-23387
-23387
-23361
-23359
-23355
-23345
-23337
-23337
-23335
-23319
-23315
-23313
-23311
-23309
-23309
-23299
-23271
-23249
-23237
-23235
-23225
-23221
-23219
-23217
-23173
-23165
-23163
-23139
-23115
-23113
-23101
-23099
-23095
-23091
-23089
-23089
-23075
-23067
-23059
-23055
-23039
-22987
-22987
-22977
-22967
-22965
-22963
-22961
-22953
-22945
-22939
-22933
-22929
-22917
-22911
-22909
-22901
-22897
-22897
-22877
-22863
-22861
-22861
-22851
-22833
-22833
-22831
-22829
-22823
-22821
-22795
-22787
-22785
-22783
-22771
-22757
-22735
-22735
-22725
-22711
-22667
-22663
-22653
-22647
-22633
-22629
-22629
-22617
-22611
-22607
-22603
-22599
-22593
-22589
-22583
-22583
-22581
-22581
-22579
-22577
-22563
-22561
-22545
-22513
-22501
-22485
-22485
-22483
-22467
-22463
-22439
-22423
-22419
-22417
-22401
-22385
-22381
-22381
-22367
-22365
-22365
-22359
-22353
-22351
-22351
-22347
-22343
-22343
-22343
-22335
-22335
-22331
-22319
-22309
-22299
-22291
-22291
-22289
-22285
-22283
-22263
-22263
-22257
-22235
-22223
-22183
-22173
-22167
-22151
-22133
-22123
-22111
-22111
-22111
-22105
-22101
-22101
-22085
-22085
-22073
-22073
-22067
-22059
-22045
-22043
-22043
-22031
-22027
-22023
-22023
-22019
-22013
-22003
-21981
-21971
-21967
-21957
-21957
-21951
-21945
-21939
-21923
-21923
-21909
-21895
-21891
-21887
-21881
-21869
-21849
-21847
-21839
-21839
-21821
-21797
-21783
-21775
-21765
-21763
-21763
-21761
-21753
-21753
-21747
-21733
-21715
-21715
-21699
-21685
-21679
-21667
-21659
-21659
-21657
-21655
-21639
-21619
-21617
-21613
-21603
-21599
-21593
-21589
-21583
-21551
-21531
-21527
-21511
-21509
-21505
-21489
-21489
-21489
-21473
-21461
-21457
-21447
-21445
-21439
-21419
-21419
-21413
-21411
-21381
-21381
-21379
-21371
-21363
-21361
-21355
-21331
-21315
-21305
-21303
-21281
-21275
-21269
-21247
-21243
-21239
-21235
-21211
-21201
-21195
-21189
-21187
-21183
-21159
-21159
-21153
-21145
-21133
-21131
-21123
-21123
-21123
-21123
-21121
-21119
-21117
-21079
-21061
-21055
-21049
-21045
-21039
-21039
-21035
-21023
-21005
-20991
-20987
-20979
-20979
-20979
-20977
-20977
-20973
-20971
-20961
-20949
-20935
-20933
-20929
-20927
-20923
-20919
-20915
-20911
-20893
-20875
-20875
-20859
-20859
-20855
-20847
-20841
-20839
-20819
-20815
-20807
-20799
-20797
-20795
-20793
-20763
-20761
-20757
-20757
-20741
-20725
-20715
-20671
-20661
-20657
-20629
-20625
-20621
-20617
-20601
-20597
-20579
-20567
-20563
-20563
-20555
-20539
-20537
-20537
-20531
-20521
-20517
-20517
-20497
-20481
-20481
-20473
-20465
-20453
-20451
-20451
-20445
-20425
-20421
-20393
-20393
-20391
-20381
-20381
-20373
-20365
-20345
-20341
-20337
-20337
-20323
-20321
-20303
-20283
-20283
-20281
-20273
-20265
-20257
-20253
-20251
-20247
-20245
-20233
-20233
-20227
-20197
-20193
-20191
-20191
-20169
-20161
-20153
-20147
-20145
-20145
-20125
-20093
-20093
-20083
-20063
-20037
-20025
-20011
-19999
-19997
-19997
-19993
-19983
-19979
-19975
-19967
-19953
-19945
-19935
-19917
-19915
-19883
-19873
-19869
-19861
-19859
-19859
-19849
-19841
-19837
-19819
-19811
-19807
-19805
-19803
-19797
-19797
-19725
-19695
-19695
-19693
-19681
-19681
-19661
-19655
-19653
-19647
-19643
-19641
-19635
-19631
-19627
-19613
-19611
-19611
-19603
-19591
-19575
-19561
-19559
-19559
-19555
-19553
-19549
-19541
-19525
-19521
-19513
-19495
-19475
-19475
-19467
-19465
-19463
-19459
-19451
-19449
-19423
-19411
-19393
-19389
-19385
-19383
-19373
-19355
-19351
-19351
-19351
-19345
-19341
-19341
-19333
-19329
-19325
-19315
-19313
-19299
-19287
-19273
-19271
-19263
-19259
-19259
-19259
-19253
-19251
-19243
-19241
-19207
-19199
-19197
-19193
-19189
-19177
-19171
-19165
-19165
-19161
-19157
-19147
-19147
-19147
-19141
-19139
-19137
-19135
-19133
-19105
-19095
-19095
-19089
-19085
-19055
-19053
-19051
-19049
-19049
-19045
-19045
-19037
-19031
-19017
-18995
-18993
-18987
-18977
-18977
-18977
-18973
-18965
-18961
-18959
-18955
-18951
-18947
-18947
-18927
-18923
-18907
-18897
-18885
-18877
-18873
-18861
-18855
-18853
-18853
-18849
-18837
-18831
-18823
-18819
-18813
-18811
-18807
-18803
-18801
-18795
-18789
-18785
-18783
-18781
-18775
-18759
-18749
-18743
-18693
-18677
-18671
-18655
-18651
-18649
-18649
-18643
-18639
-18635
-18611
-18597
-18593
-18591
-18573
-18563
-18557
-18555
-18545
-18529
-18529
-18523
-18517
-18517
-18503
-18475
-18475
-18471
-18469
-18465
-18465
-18461
-18461
-18437
-18435
-18431
-18429
-18425
-18423
-18387
-18387
-18387
-18379
-18371
-18355
-18351
-18337
-18335
-18321
-18307
-18297
-18291
-18279
-18275
-18271
-18267
-18259
-18257
-18257
-18249
-18249
-18233
-18225
-18205
-18203
-18185
-18175
-18165
-18133
-18133
-18131
-18127
-18123
-18103
-18051
-18023
-18017
-18013
-18001
-17975
-17971
-17967
-17963
-17951
-17951
-17945
-17939
-17933
-17925
-17905
-17903
-17899
-17891
-17887
-17879
-17875
-17875
-17853
-17831
-17809
-17809
-17793
-17773
-17761
-17757
-17755
-17753
-17729
-17715
-17713
-17701
-17699
-17693
-17687
-17679
-17671
-17651
-17633
-17627
-17619
-17609
-17605
-17601
-17597
-17591
-17591
-17589
-17581
-17575
-17571
-17569
-17569
-17559
-17555
-17541
-17541
-17517
-17495
-17495
-17491
-17489
-17485
-17477
-17471
-17469
-17451
-17443
-17439
-17425
-17413
-17405
-17369
-17367
-17345
-17333
-17323
-17323
-17323
-17313
-17307
-17303
-17301
-17301
-17275
-17273
-17265
-17259
-17243
-17223
-17219
-17215
-17185
-17169
-17161
-17161
-17159
-17149
-17149
-17119
-17119
-17105
-17101
-17099
-17097
-17069
-17063
-17059
-17055
-17053
-17033
-17025
-17005
-17003
-16993
-16981
-16963
-16961
-16951
-16951
-16951
-16949
-16939
-16931
-16921
-16895
-16893
-16889
-16887
-16883
-16879
-16867
-16859
-16859
-16857
-16851
-16839
-16835
-16835
-16809
-16803
-16791
-16789
-16773
-16771
-16771
-16761
-16747
-16739
-16733
-16727
-16727
-16723
-16707
-16699
-16687
-16671
-16657
-16653
-16651
-16639
-16633
-16631
-16619
-16595
-16589
-16589
-16585
-16581
-16581
-16571
-16561
-16555
-16553
-16553
-16551
-16551
-16551
-16541
-16511
-16483
-16477
-16473
-16455
-16441
-16433
-16433
-16427
-16425
-16425
-16419
-16399
-16395
-16389
-16389
-16375
-16363
-16361
-16359
-16349
-16341
-16315
-16311
-16309
-16305
-16291
-16287
-16285
-16277
-16263
-16261
-16257
-16255
-16247
-16235
-16223
-16203
-16197
-16189
-16179
-16175
-16175
-16173
-16171
-16169
-16161
-16151
-16149
-16137
-16133
-16121
-16121
-16105
-16101
-16097
-16095
-16095
-16093
-16093
-16077
-16071
-16069
-16057
-16057
-16057
-16055
-16055
-16055
-16051
-16047
-16033
-16025
-16013
-16011
-16009
-16003
-15997
-15993
-15991
-15979
-15971
-15971
-15961
-15945
-15943
-15941
-15937
-15935
-15931
-15913
-15909
-15901
-15893
-15889
-15871
-15861
-15859
-15849
-15825
-15815
-15813
-15811
-15805
-15799
-15795
-15793
-15787
-15785
-15785
-15783
-15775
-15771
-15769
-15745
-15741
-15731
-15703
-15687
-15681
-15667
-15657
-15657
-15655
-15655
-15655
-15649
-15631
-15627
-15617
-15605
-15589
-15589
-15587
-15571
-15571
-15555
-15555
-15537
-15533
-15521
-15505
-15495
-15491
-15489
-15487
-15485
-15483
-15467
-15455
-15449
-15433
-15413
-15405
-15405
-15405
-15391
-15367
-15351
-15329
-15317
-15315
-15305
-15305
-15305
-15301
-15285
-15277
-15275
-15273
-15267
-15261
-15255
-15249
-15243
-15225
-15225
-15223
-15219
-15205
-15195
-15193
-15187
-15187
-15173
-15171
-15165
-15161
-15159
-15153
-15149
-15141
-15133
-15127
-15123
-15117
-15113
-15111
-15111
-15105
-15099
-15099
-15093
-15093
-15077
-15075
-15069
-15065
-15047
-15037
-15021
-15015
-15011
-15003
-14995
-14981
-14979
-14977
-14973
-14967
-14959
-14959
-14957
-14951
-14949
-14945
-14945
-14937
-14925
-14923
-14923
-14895
-14891
-14889
-14875
-14875
-14865
-14865
-14861
-14855
-14841
-14827
-14827
-14823
-14819
-14809
-14801
-14779
-14763
-14751
-14739
-14735
-14729
-14715
-14711
-14689
-14681
-14681
-14679
-14675
-14675
-14663
-14663
-14653
-14647
-14647
-14647
-14647
-14641
-14623
-14607
-14603
-14591
-14573
-14569
-14569
-14543
-14527
-14513
-14499
-14497
-14495
-14489
-14487
-14473
-14469
-14465
-14463
-14463
-14463
-14453
-14451
-14449
-14443
-14443
-14431
-14431
-14425
-14417
-14403
-14389
-14381
-14359
-14355
-14347
-14345
-14341
-14335
-14333
-14319
-14317
-14311
-14299
-14295
-14277
-14275
-14271
-14255
-14243
-14237
-14237
-14217
-14209
-14209
-14205
-14201
-14201
-14187
-14177
-14173
-14169
-14159
-14141
-14117
-14089
-14085
-14083
-14069
-14061
-14055
-14049
-14023
-14023
-14021
-14013
-14003
-13967
-13931
-13923
-13915
-13893
-13893
-13891
-13877
-13875
-13863
-13851
-13849
-13821
-13817
-13813
-13789
-13783
-13771
-13769
-13763
-13761
-13757
-13755
-13747
-13747
-13743
-13715
-13693
-13679
-13675
-13673
-13671
-13661
-13655
-13651
-13649
-13609
-13609
-13595
-13575
-13559
-13545
-13527
-13515
-13513
-13501
-13499
-13489
-13487
-13483
-13435
-13433
-13421
-13415
-13403
-13403
-13397
-13377
-13373
-13371
-13361
-13357
-13349
-13331
-13313
-13313
-13301
-13281
-13279
-13273
-13257
-13253
-13253
-13243
-13207
-13197
-13181
-13173
-13165
-13161
-13157
-13153
-13141
-13137
-13137
-13137
-13107
-13101
-13095
-13087
-13063
-13055
-13047
-13047
-13043
-13029
-13027
-13011
-12985
-12977
-12975
-12973
-12931
-12917
-12913
-12905
-12887
-12887
-12883
-12883
-12877
-12873
-12867
-12853
-12847
-12845
-12839
-12831
-12823
-12813
-12795
-12793
-12775
-12775
-12769
-12767
-12767
-12747
-12729
-12719
-12719
-12681
-12679
-12677
-12675
-12661
-12645
-12645
-12643
-12629
-12623
-12623
-12613
-12597
-12597
-12537
-12533
-12525
-12525
-12507
-12503
-12491
-12491
-12481
-12461
-12459
-12459
-12449
-12443
-12435
-12433
-12431
-12425
-12413
-12385
-12385
-12379
-12373
-12367
-12359
-12357
-12333
-12329
-12327
-12325
-12325
-12319
-12309
-12307
-12301
-12287
-12283
-12275
-12269
-12263
-12257
-12257
-12251
-12241
-12241
-12231
-12207
-12205
-12195
-12185
-12183
-12183
-12173
-12167
-12147
-12141
-12133
-12129
-12129
-12103
-12103
-12089
-12081
-12077
-12059
-12051
-12045
-12025
-12023
-12017
-11985
-11971
-11965
-11963
-11953
-11945
-11935
-11915
-11913
-11911
-11901
-11899
-11897
-11895
-11883
-11875
-11867
-11863
-11863
-11859
-11855
-11855
-11843
-11839
-11833
-11831
-11829
-11823
-11821
-11819
-11815
-11809
-11795
-11789
-11787
-11783
-11783
-11771
-11763
-11761
-11751
-11731
-11731
-11725
-11707
-11699
-11697
-11697
-11697
-11679
-11679
-11675
-11671
-11667
-11655
-11651
-11643
-11625
-11625
-11621
-11617
-11603
-11601
-11601
-11581
-11569
-11563
-11551
-11551
-11549
-11545
-11529
-11509
-11505
-11501
-11497
-11493
-11475
-11471
-11455
-11451
-11439
-11437
-11435
-11435
-11425
-11423
-11415
-11399
-11395
-11375
-11365
-11327
-11319
-11297
-11255
-11251
-11213
-11213
-11207
-11197
-11197
-11167
-11149
-11149
-11135
-11127
-11121
-11115
-11115
-11095
-11079
-11075
-11067
-11061
-11041
-11013
-11009
-11009
-11009
-11007
-11005
-11003
-11001
-10997
-10989
-10979
-10965
-10959
-10959
-10933
-10925
-10919
-10917
-10911
-10911
-10911
-10907
-10885
-10881
-10877
-10863
-10829
-10827
-10811
-10809
-10809
-10805
-10789
-10783
-10783
-10771
-10767
-10765
-10763
-10751
-10751
-10741
-10737
-10727
-10709
-10703
-10697
-10691
-10667
-10665
-10657
-10651
-10641
-10633
-10629
-10623
-10607
-10605
-10605
-10601
-10595
-10581
-10569
-10565
-10565
-10557
-10551
-10547
-10545
-10531
-10529
-10529
-10525
-10525
-10497
-10493
-10491
-10481
-10477
-10471
-10467
-10463
-10455
-10439
-10425
-10419
-10403
-10397
-10393
-10393
-10365
-10363
-10355
-10345
-10337
-10331
-10331
-10317
-10313
-10305
-10303
-10281
-10271
-10255
-10243
-10243
-10239
-10227
-10215
-10195
-10191
-10183
-10179
-10171
-10161
-10135
-10095
-10095
-10089
-10073
-10071
-10063
-10057
-10033
-10031
-10023
-10021
-10021
-10019
-9977
-9973
-9953
-9949
-9939
-9937
-9929
-9927
-9905
-9905
-9897
-9895
-9863
-9839
-9839
-9837
-9837
-9835
-9819
-9809
-9807
-9797
-9791
-9785
-9775
-9773
-9753
-9753
-9745
-9735
-9733
-9727
-9725
-9719
-9717
-9709
-9699
-9697
-9669
-9655
-9647
-9647
-9625
-9615
-9613
-9611
-9607
-9607
-9605
-9599
-9591
-9589
-9585
-9573
-9553
-9547
-9545
-9541
-9525
-9523
-9515
-9485
-9481
-9475
-9469
-9451
-9437
-9435
-9435
-9411
-9411
-9397
-9377
-9361
-9351
-9335
-9315
-9295
-9287
-9287
-9283
-9279
-9277
-9277
-9257
-9249
-9239
-9237
-9233
-9227
-9211
-9185
-9183
-9179
-9173
-9167
-9161
-9155
-9133
-9121
-9119
-9107
-9101
-9097
-9093
-9077
-9073
-9051
-9049
-9049
-9043
-9023
-9021
-9017
-9017
-9017
-9017
-9011
-9009
-8999
-8995
-8979
-8979
-8969
-8963
-8961
-8951
-8949
-8939
-8925
-8911
-8909
-8895
-8895
-8845
-8823
-8823
-8805
-8799
-8787
-8787
-8777
-8757
-8749
-8745
-8745
-8715
-8713
-8701
-8697
-8687
-8683
-8681
-8677
-8675
-8665
-8651
-8647
-8639
-8635
-8629
-8627
-8625
-8589
-8579
-8579
-8579
-8575
-8571
-8567
-8561
-8553
-8553
-8551
-8543
-8489
-8485
-8479
-8473
-8445
-8441
-8427
-8427
-8423
-8417
-8401
-8401
-8393
-8365
-8359
-8357
-8355
-8355
-8339
-8335
-8335
-8333
-8321
-8311
-8307
-8303
-8297
-8297
-8273
-8267
-8261
-8251
-8219
-8215
-8213
-8209
-8209
-8207
-8195
-8195
-8185
-8173
-8161
-8151
-8149
-8141
-8135
-8133
-8127
-8127
-8117
-8109
-8081
-8053
-8049
-8027
-8011
-8009
-8005
-8001
-7991
-7989
-7979
-7977
-7969
-7961
-7929
-7927
-7921
-7909
-7903
-7903
-7899
-7897
-7889
-7881
-7877
-7875
-7859
-7855
-7853
-7849
-7841
-7841
-7833
-7823
-7815
-7807
-7807
-7803
-7803
-7795
-7793
-7785
-7783
-7767
-7761
-7743
-7731
-7729
-7729
-7723
-7723
-7707
-7705
-7693
-7691
-7683
-7681
-7659
-7647
-7645
-7641
-7615
-7613
-7597
-7585
-7565
-7551
-7551
-7539
-7531
-7525
-7511
-7507
-7507
-7493
-7491
-7483
-7483
-7477
-7471
-7463
-7459
-7459
-7447
-7431
-7421
-7405
-7403
-7389
-7389
-7359
-7319
-7313
-7297
-7281
-7281
-7267
-7257
-7257
-7255
-7249
-7237
-7199
-7197
-7193
-7157
-7153
-7153
-7133
-7109
-7099
-7095
-7095
-7087
-7081
-7073
-7073
-7059
-7057
-7051
-7051
-7047
-7041
-7041
-7035
-7033
-7023
-7021
-7009
-6997
-6989
-6975
-6951
-6949
-6931
-6929
-6923
-6919
-6899
-6897
-6897
-6893
-6889
-6877
-6871
-6869
-6869
-6863
-6861
-6857
-6857
-6843
-6825
-6825
-6823
-6817
-6805
-6801
-6793
-6793
-6783
-6757
-6755
-6749
-6749
-6743
-6739
-6739
-6735
-6733
-6717
-6711
-6711
-6689
-6655
-6649
-6645
-6631
-6603
-6603
-6585
-6583
-6581
-6579
-6575
-6575
-6567
-6561
-6561
-6555
-6543
-6531
-6525
-6509
-6509
-6507
-6503
-6497
-6481
-6475
-6473
-6467
-6459
-6453
-6437
-6437
-6435
-6431
-6427
-6419
-6415
-6407
-6393
-6387
-6387
-6383
-6375
-6369
-6357
-6349
-6349
-6347
-6345
-6333
-6333
-6331
-6301
-6293
-6293
-6289
-6285
-6281
-6275
-6273
-6253
-6239
-6231
-6229
-6229
-6227
-6225
-6213
-6207
-6193
-6175
-6175
-6143
-6137
-6135
-6125
-6115
-6113
-6103
-6085
-6073
-6067
-6065
-6057
-6051
-6027
-6023
-6021
-5993
-5985
-5985
-5983
-5963
-5947
-5933
-5927
-5911
-5911
-5909
-5891
-5891
-5889
-5887
-5883
-5873
-5845
-5837
-5835
-5827
-5819
-5815
-5803
-5801
-5783
-5771
-5771
-5759
-5755
-5733
-5725
-5713
-5707
-5695
-5671
-5671
-5663
-5643
-5639
-5635
-5631
-5629
-5627
-5611
-5607
-5593
-5581
-5573
-5567
-5561
-5557
-5553
-5553
-5549
-5543
-5543
-5539
-5537
-5525
-5521
-5513
-5513
-5505
-5491
-5479
-5475
-5461
-5459
-5439
-5415
-5401
-5391
-5383
-5357
-5353
-5315
-5311
-5301
-5295
-5293
-5287
-5287
-5273
-5265
-5257
-5255
-5245
-5239
-5235
-5231
-5223
-5221
-5203
-5199
-5197
-5197
-5197
-5183
-5175
-5175
-5147
-5147
-5145
-5145
-5137
-5129
-5129
-5123
-5123
-5107
-5099
-5085
-5075
-5071
-5071
-5063
-5049
-5049
-5049
-5047
-5043
-5033
-5023
-5011
-5005
-4981
-4979
-4977
-4977
-4977
-4949
-4945
-4933
-4925
-4923
-4919
-4901
-4895
-4887
-4887
-4883
-4875
-4873
-4847
-4833
-4833
-4829
-4817
-4803
-4789
-4787
-4787
-4787
-4773
-4771
-4767
-4761
-4753
-4735
-4735
-4725
-4707
-4705
-4681
-4679
-4675
-4671
-4669
-4667
-4657
-4655
-4639
-4639
-4637
-4631
-4611
-4601
-4595
-4581
-4575
-4573
-4541
-4535
-4533
-4527
-4501
-4501
-4485
-4481
-4471
-4467
-4461
-4459
-4459
-4447
-4445
-4437
-4427
-4427
-4427
-4427
-4427
-4423
-4411
-4409
-4397
-4387
-4375
-4363
-4361
-4357
-4357
-4357
-4349
-4347
-4333
-4301
-4283
-4283
-4275
-4273
-4259
-4249
-4241
-4235
-4233
-4223
-4219
-4207
-4197
-4185
-4171
-4169
-4163
-4143
-4135
-4121
-4115
-4109
-4107
-4105
-4097
-4089
-4087
-4081
-4079
-4077
-4077
-4063
-4033
-4033
-4017
-4015
-4013
-4011
-3997
-3995
-3991
-3991
-3973
-3973
-3965
-3961
-3951
-3945
-3943
-3941
-3923
-3923
-3921
-3917
-3875
-3873
-3855
-3847
-3841
-3837
-3833
-3819
-3811
-3807
-3807
-3803
-3803
-3801
-3799
-3789
-3773
-3757
-3743
-3741
-3737
-3729
-3721
-3721
-3711
-3703
-3697
-3685
-3685
-3679
-3677
-3671
-3657
-3649
-3639
-3629
-3629
-3629
-3629
-3627
-3621
-3619
-3615
-3613
-3605
-3585
-3583
-3577
-3559
-3553
-3547
-3547
-3547
-3535
-3531
-3527
-3517
-3513
-3511
-3509
-3497
-3489
-3485
-3483
-3479
-3477
-3475
-3469
-3469
-3461
-3451
-3449
-3449
-3443
-3433
-3415
-3411
-3409
-3403
-3397
-3397
-3389
-3365
-3361
-3323
-3315
-3315
-3303
-3289
-3267
-3267
-3265
-3255
-3245
-3243
-3241
-3235
-3229
-3227
-3223
-3221
-3221
-3221
-3215
-3177
-3177
-3173
-3173
-3155
-3153
-3147
-3139
-3129
-3119
-3101
-3101
-3101
-3073
-3061
-3035
-3035
-3029
-3029
-3025
-3017
-3005
-2993
-2981
-2979
-2977
-2963
-2957
-2949
-2949
-2947
-2943
-2933
-2917
-2895
-2877
-2869
-2869
-2859
-2857
-2853
-2853
-2845
-2841
-2827
-2821
-2809
-2791
-2789
-2787
-2763
-2755
-2751
-2749
-2749
-2747
-2745
-2743
-2741
-2735
-2731
-2729
-2723
-2723
-2721
-2713
-2709
-2705
-2691
-2689
-2687
-2661
-2661
-2651
-2651
-2649
-2643
-2633
-2633
-2625
-2623
-2607
-2605
-2591
-2571
-2555
-2553
-2547
-2531
-2519
-2519
-2513
-2511
-2501
-2495
-2493
-2489
-2487
-2483
-2481
-2455
-2455
-2423
-2419
-2395
-2395
-2391
-2359
-2349
-2347
-2347
-2339
-2333
-2325
-2317
-2313
-2313
-2295
-2285
-2279
-2273
-2267
-2247
-2245
-2235
-2229
-2227
-2221
-2219
-2213
-2205
-2193
-2187
-2187
-2173
-2159
-2157
-2155
-2143
-2137
-2131
-2127
-2127
-2127
-2093
-2085
-2057
-2051
-2037
-2027
-2013
-2011
-2001
-1997
-1995
-1991
-1991
-1987
-1985
-1983
-1981
-1975
-1975
-1967
-1953
-1941
-1929
-1929
-1925
-1923
-1921
-1893
-1889
-1883
-1863
-1861
-1861
-1855
-1835
-1827
-1815
-1813
-1807
-1807
-1805
-1791
-1789
-1789
-1785
-1773
-1753
-1729
-1729
-1725
-1721
-1721
-1715
-1713
-1701
-1685
-1685
-1671
-1665
-1661
-1655
-1645
-1635
-1631
-1625
-1621
-1619
-1609
-1603
-1595
-1569
-1555
-1553
-1549
-1545
-1543
-1535
-1531
-1521
-1517
-1513
-1507
-1507
-1493
-1489
-1475
-1463
-1455
-1449
-1433
-1433
-1427
-1419
-1417
-1413
-1399
-1381
-1379
-1373
-1361
-1359
-1355
-1351
-1309
-1307
-1307
-1285
-1283
-1279
-1279
-1279
-1273
-1267
-1267
-1249
-1247
-1237
-1215
-1211
-1205
-1201
-1189
-1185
-1173
-1167
-1167
-1153
-1147
-1135
-1129
-1119
-1119
-1105
-1095
-1089
-1079
-1073
-1069
-1053
-1045
-1023
-1007
-995
-995
-991
-977
-975
-969
-965
-949
-941
-935
-929
-917
-913
-897
-893
-871
-863
-855
-855
-847
-841
-829
-823
-819
-815
-815
-813
-811
-797
-795
-791
-789
-785
-785
-783
-777
-775
-769
-767
-755
-753
-751
-751
-745
-729
-721
-711
-711
-709
-699
-691
-685
-663
-653
-623
-603
-603
-603
-603
-597
-581
-563
-531
-513
-497
-491
-483
-475
-473
-473
-467
-467
-429
-429
-425
-423
-417
-413
-385
-383
-383
-357
-353
-353
-347
-341
-323
-323
-323
-321
-309
-301
-295
-281
-275
-269
-269
-267
-257
-251
-249
-239
-231
-219
-215
-185
-177
-175
-173
-171
-165
-165
-161
-149
-131
-125
-117
-109
-97
-89
-83
-71
-71
-69
-61
-53
-37
-19
-13
-11
10
36
42
46
64
68
68
70
76
96
110
114
118
126
126
130
130
142
156
160
162
166
182
192
230
230
236
258
262
264
264
268
268
268
274
274
276
302
304
320
344
346
350
358
368
376
384
388
394
404
410
412
458
488
530
532
532
548
556
562
566
568
568
584
588
592
594
608
608
622
626
632
634
640
642
652
674
696
698
702
718
732
734
738
744
754
758
770
776
778
784
790
794
800
818
832
840
846
850
860
868
868
868
872
872
872
872
876
882
890
892
892
898
904
916
926
932
956
964
970
978
982
984
998
1004
1012
1024
1026
1030
1036
1040
1060
1068
1070
1086
1088
1122
1124
1124
1158
1162
1164
1166
1166
1166
1166
1170
1188
1216
1218
1218
1220
1220
1226
1232
1234
1234
1240
1242
1242
1246
1250
1262
1262
1266
1270
1284
1288
1292
1294
1326
1328
1328
1328
1334
1336
1352
1366
1376
1382
1386
1396
1406
1406
1424
1432
1438
1442
1444
1446
1458
1462
1476
1498
1502
1534
1534
1536
1536
1538
1546
1552
1552
1552
1554
1554
1560
1564
1570
1570
1570
1580
1590
1592
1598
1598
1602
1608
1608
1618
1622
1630
1634
1634
1660
1660
1666
1674
1704
1704
1730
1734
1742
1758
1758
1766
1768
1778
1788
1790
1796
1798
1804
1812
1818
1824
1834
1852
1872
1880
1898
1936
1938
1944
1944
1944
1946
1946
1954
1956
1956
1980
1980
1980
2000
2012
2014
2028
2028
2030
2040
2054
2060
2064
2086
2088
2112
2112
2120
2120
2132
2140
2153
2156
2166
2166
2170
2178
2192
2196
2196
2198
2200
2200
2206
2208
2232
2236
2240
2240
2242
2244
2248
2250
2256
2276
2276
2278
2304
2344
2360
2360
2360
2360
2362
2368
2370
2378
2384
2400
2406
2406
2410
2414
2420
2424
2424
2434
2438
2460
2462
2466
2468
2468
2468
2476
2508
2510
2522
2522
2522
2532
2534
2536
2546
2548
2554
2558
2558
2558
2562
2578
2580
2584
2590
2608
2622
2626
2654
2660
2666
2666
2670
2672
2680
2682
2690
2690
2694
2694
2702
2706
2714
2734
2734
2734
2738
2762
2762
2778
2790
2810
2828
2836
2856
2864
2870
2872
2878
2880
2882
2890
2900
2914
2930
2942
2944
2962
2976
2976
2988
2996
3006
3006
3008
3010
3022
3022
3024
3028
3028
3028
3038
3040
3048
3050
3058
3068
3078
3078
3078
3088
3088
3094
3106
3106
3128
3136
3140
3140
3156
3160
3190
3192
3206
3208
3208
3234
3258
3260
3264
3294
3308
3338
3354
3370
3376
3388
3398
3402
3414
3428
3456
3460
3486
3490
3494
3510
3520
3522
3548
3552
3552
3560
3560
3578
3604
3616
3634
3650
3652
3654
3656
3660
3664
3688
3694
3718
3720
3726
3736
3740
3742
3742
3746
3758
3764
3768
3772
3778
3786
3792
3792
3810
3816
3818
3822
3826
3836
3844
3862
3864
3864
3866
3868
3874
3894
3894
3902
3924
3924
3932
3932
3934
3934
3936
3946
3946
3984
3990
4016
4018
4020
4026
4030
4034
4042
4044
4052
4064
4066
4074
4084
4094
4102
4106
4106
4108
4126
4156
4164
4192
4194
4198
4206
4212
4224
4226
4228
4234
4242
4250
4262
4264
4268
4270
4276
4288
4296
4304
4326
4332
4334
4346
4348
4354
4384
4406
4408
4416
4416
4426
4430
4430
4432
4446
4450
4456
4464
4466
4470
4484
4484
4484
4492
4496
4502
4504
4504
4510
4512
4516
4516
4530
4530
4538
4546
4550
4550
4562
4566
4566
4570
4586
4588
4624
4640
4642
4644
4650
4654
4656
4658
4668
4670
4672
4672
4680
4686
4686
4704
4706
4712
4716
4716
4728
4752
4770
4772
4782
4788
4790
4800
4802
4804
4808
4810
4814
4820
4826
4836
4836
4838
4840
4882
4894
4896
4916
4942
4954
4954
4968
4976
4980
4996
5004
5006
5012
5036
5054
5058
5060
5090
5090
5090
5096
5102
5106
5122
5122
5122
5130
5138
5138
5142
5142
5144
5154
5164
5192
5198
5200
5202
5204
5224
5230
5238
5240
5246
5248
5256
5256
5264
5268
5270
5270
5278
5294
5304
5306
5308
5316
5316
5318
5318
5322
5332
5336
5344
5346
5348
5360
5362
5364
5370
5390
5390
5392
5402
5402
5414
5426
5426
5438
5442
5450
5450
5450
5466
5468
5484
5500
5502
5512
5516
5520
5524
5536
5538
5556
5558
5564
5566
5566
5568
5586
5590
5590
5598
5600
5606
5622
5624
5634
5638
5642
5660
5676
5682
5684
5692
5692
5694
5694
5708
5708
5714
5718
5734
5734
5740
5748
5762
5766
5782
5786
5788
5798
5802
5802
5802
5804
5824
5826
5830
5866
5876
5886
5888
5894
5896
5898
5910
5932
5936
5950
5952
5962
5994
6002
6002
6010
6012
6024
6026
6028
6046
6056
6072
6074
6078
6084
6096
6096
6100
6100
6112
6136
6140
6150
6170
6172
6172
6174
6212
6214
6248
6262
6262
6270
6282
6286
6292
6302
6304
6314
6354
6360
6362
6382
6388
6402
6408
6430
6440
6450
6450
6462
6474
6480
6488
6488
6492
6492
6492
6494
6494
6502
6504
6508
6522
6538
6540
6542
6546
6548
6562
6572
6578
6582
6588
6602
6602
6604
6604
6614
6616
6620
6646
6646
6646
6660
6670
6674
6676
6682
6686
6694
6716
6722
6744
6744
6748
6748
6752
6752
6756
6768
6776
6776
6776
6802
6802
6828
6850
6876
6888
6894
6960
6964
6966
6976
6976
6978
6980
6982
6992
6992
6994
7000
7002
7006
7006
7014
7020
7052
7062
7066
7080
7084
7090
7112
7118
7118
7122
7124
7126
7132
7142
7150
7156
7160
7168
7172
7186
7204
7208
7216
7216
7218
7264
7280
7288
7302
7310
7314
7314
7318
7320
7328
7330
7330
7352
7354
7362
7384
7390
7392
7414
7416
7418
7426
7438
7448
7450
7458
7472
7474
7476
7476
7484
7486
7488
7502
7530
7530
7542
7542
7546
7554
7554
7554
7556
7560
7560
7564
7566
7590
7604
7608
7622
7634
7648
7650
7672
7680
7684
7686
7688
7690
7692
7708
7708
7708
7716
7740
7740
7748
7758
7772
7774
7778
7778
7786
7810
7840
7840
7856
7864
7868
7870
7870
7880
7902
7914
7924
7926
7926
7956
7958
7960
7962
7974
7986
7998
8018
8028
8044
8048
8056
8058
8060
8080
8102
8108
8108
8112
8112
8118
8118
8120
8122
8128
8142
8152
8162
8168
8168
8170
8170
8170
8174
8186
8192
8200
8218
8224
8272
8292
8312
8314
8326
8332
8332
8344
8348
8350
8354
8356
8386
8394
8408
8408
8418
8432
8432
8434
8452
8454
8472
8498
8506
8506
8528
8538
8538
8566
8590
8598
8598
8602
8602
8604
8606
8630
8632
8634
8638
8642
8644
8644
8650
8666
8668
8668
8690
8696
8696
8720
8720
8724
8740
8740
8744
8748
8762
8764
8768
8788
8788
8792
8792
8796
8812
8814
8828
8836
8846
8856
8876
8886
8892
8898
8904
8916
8924
8926
8928
8934
8936
8940
8940
8944
8978
9000
9002
9016
9022
9032
9044
9060
9086
9092
9098
9108
9126
9128
9132
9144
9152
9156
9170
9184
9186
9200
9206
9210
9216
9222
9268
9282
9288
9294
9306
9306
9318
9318
9320
9322
9338
9352
9372
9382
9402
9402
9406
9412
9412
9414
9418
9422
9424
9432
9438
9444
9446
9456
9460
9474
9474
9480
9480
9484
9488
9494
9494
9522
9530
9536
9540
9558
9560
9566
9566
9576
9584
9600
9602
9608
9610
9636
9660
9660
9668
9670
9674
9674
9678
9684
9686
9698
9702
9706
9726
9728
9756
9760
9764
9786
9800
9804
9808
9812
9824
9826
9854
9868
9878
9880
9884
9888
9892
9900
9908
9914
9922
9926
9928
9936
9956
9956
9956
9970
9980
9992
10012
10012
10014
10046
10068
10070
10086
10090
10090
10090
10110
10120
10122
10124
10124
10130
10132
10136
10140
10146
10150
10152
10164
10166
10166
10166
10168
10176
10190
10192
10196
10198
10224
10230
10236
10244
10246
10250
10256
10264
10264
10274
10276
10280
10282
10300
10308
10314
10334
10344
10354
10360
10366
10380
10382
10390
10410
10418
10442
10442
10446
10446
10448
10484
10486
10490
10498
10506
10506
10506
10516
10518
10548
10552
10566
10568
10604
10604
10604
10606
10612
10628
10634
10656
10658
10684
10688
10696
10716
10720
10728
10732
10736
10742
10742
10744
10746
10758
10758
10758
10760
10780
10826
10828
10840
10842
10860
10862
10866
10872
10872
10878
10882
10882
10884
10894
10896
10898
10908
10918
10920
10944
10946
10952
10952
10954
11016
11018
11028
11032
11044
11052
11058
11060
11062
11068
11082
11090
11090
11104
11106
11120
11126
11126
11132
11144
11154
11154
11166
11172
11188
11206
11208
11224
11228
11262
11266
11268
11278
11278
11278
11306
11310
11314
11318
11326
11328
11328
11346
11348
11352
11356
11360
11360
11370
11380
11380
11386
11388
11390
11392
11402
11404
11406
11408
11430
11456
11486
11488
11496
11496
11502
11510
11510
11522
11532
11534
11536
11544
11560
11566
11574
11574
11578
11580
11624
11624
11624
11650
11654
11654
11660
11674
11674
11686
11732
11738
11744
11748
11754
11754
11762
11784
11796
11802
11810
11814
11826
11852
11854
11878
11878
11884
11890
11898
11904
11912
11912
11912
11912
11912
11916
11918
11918
11930
11940
11946
11948
11962
11964
11972
11984
11994
12014
12016
12018
12038
12042
12044
12044
12050
12076
12082
12086
12086
12088
12090
12092
12100
12102
12108
12114
12126
12136
12138
12140
12144
12144
12154
12176
12178
12180
12188
12192
12230
12234
12260
12260
12266
12266
12272
12272
12272
12272
12284
12284
12284
12296
12296
12298
12298
12308
12320
12328
12330
12334
12356
12390
12392
12402
12402
12414
12414
12422
12426
12454
12482
12488
12536
12540
12550
12556
12556
12596
12596
12600
12600
12610
12616
12630
12642
12644
12656
12698
12702
12702
12706
12730
12732
12746
12748
12766
12768
12776
12782
12788
12802
12806
12820
12828
12832
12844
12846
12850
12852
12854
12866
12868
12884
12888
12916
12924
12948
12960
12962
12972
12976
12976
12992
12996
12996
13016
13046
13046
13064
13066
13078
13082
13084
13084
13086
13090
13090
13100
13102
13110
13142
13160
13160
13170
13186
13200
13206
13208
13210
13214
13214
13218
13220
13224
13230
13234
13238
13240
13246
13246
13246
13252
13254
13264
13266
13294
13296
13296
13296
13298
13300
13302
13324
13350
13356
13358
13358
13368
13374
13374
13376
13388
13400
13402
13420
13428
13432
13444
13446
13466
13478
13480
13498
13498
13502
13504
13508
13512
13514
13522
13544
13548
13552
13570
13574
13574
13578
13580
13584
13598
13606
13606
13652
13658
13666
13672
13682
13686
13688
13706
13718
13720
13730
13738
13742
13756
13768
13786
13786
13786
13790
13802
13804
13810
13812
13814
13822
13826
13838
13844
13860
13890
13894
13908
13908
13924
13932
13940
13940
13954
13978
13990
14004
14008
14050
14050
14060
14076
14076
14090
14094
14094
14104
14122
14122
14130
14132
14140
14146
14146
14154
14154
14162
14180
14188
14194
14196
14198
14198
14202
14202
14210
14216
14234
14268
14270
14272
14274
14278
14282
14292
14294
14302
14312
14312
14348
14348
14348
14350
14362
14368
14392
14410
14410
14410
14412
14418
14418
14428
14428
14432
14446
14464
14468
14474
14490
14502
14502
14512
14518
14526
14540
14562
14564
14564
14578
14586
14596
14626
14626
14630
14672
14704
14714
14718
14754
14772
14782
14790
14790
14800
14802
14812
14814
14822
14836
14846
14868
14872
14878
14878
14884
14886
14910
14916
14922
14928
14936
14950
14954
14958
14960
14960
14960
14970
14990
14994
14996
15012
15016
15028
15036
15042
15046
15050
15056
15056
15084
15096
15100
15100
15114
15142
15144
15144
15150
15154
15156
15158
15162
15162
15188
15190
15206
15208
15216
15218
15218
15228
15230
15230
15242
15252
15258
15262
15296
15298
15302
15320
15326
15326
15330
15330
15334
15356
15364
15370
15376
15382
15424
15428
15440
15442
15452
15454
15458
15468
15468
15494
15500
15500
15506
15518
15524
15530
15532
15540
15542
15544
15546
15548
15550
15550
15554
15576
15590
15592
15594
15596
15604
15614
15614
15618
15622
15626
15626
15650
15654
15662
15670
15670
15684
15690
15708
15726
15738
15742
15744
15766
15766
15772
15808
15818
15820
15824
15834
15838
15840
15848
15864
15880
15880
15882
15894
15910
15912
15938
15942
15946
15952
15954
15960
15986
15988
15998
16002
16004
16012
16014
16018
16068
16076
16076
16078
16084
16084
16134
16138
16154
16166
16178
16178
16182
16212
16226
16232
16238
16246
16248
16268
16268
16268
16282
16282
16284
16300
16316
16318
16322
16326
16330
16336
16346
16360
16360
16366
16368
16368
16372
16388
16392
16392
16396
16406
16406
16416
16428
16438
16442
16446
16460
16472
16476
16488
16496
16500
16526
16580
16586
16594
16598
16602
16640
16640
16650
16664
16670
16672
16688
16692
16748
16752
16752
16756
16778
16788
16798
16818
16818
16858
16858
16862
16864
16866
16882
16882
16882
16886
16892
16900
16910
16926
16932
16944
16968
16980
16982
16982
16998
17002
17004
17020
17020
17026
17052
17064
17084
17102
17106
17116
17118
17122
17128
17128
17128
17130
17146
17146
17188
17210
17214
17220
17236
17248
17262
17270
17276
17284
17298
17300
17300
17310
17312
17314
17324
17324
17326
17334
17334
17334
17342
17346
17346
17368
17386
17388
17390
17392
17410
17412
17416
17416
17416
17438
17442
17446
17450
17450
17468
17472
17482
17486
17490
17498
17504
17508
17516
17516
17516
17518
17536
17536
17540
17546
17548
17550
17560
17560
17562
17572
17584
17600
17612
17620
17620
17622
17644
17650
17652
17666
17686
17690
17718
17722
17728
17728
17734
17734
17750
17750
17776
17776
17794
17794
17804
17808
17810
17820
17822
17824
17826
17828
17828
17830
17834
17842
17844
17850
17870
17884
17894
17894
17898
17898
17898
17900
17924
17926
17942
17952
17958
17974
17976
17976
17980
17984
17986
17986
18006
18022
18038
18044
18048
18050
18062
18072
18078
18078
18080
18098
18108
18110
18112
18112
18114
18120
18120
18124
18128
18128
18142
18152
18156
18168
18168
18180
18180
18186
18202
18206
18234
18236
18236
18248
18248
18260
18264
18264
18280
18280
18286
18286
18322
18322
18324
18326
18338
18348
18348
18364
18368
18388
18388
18398
18434
18440
18442
18444
18452
18462
18462
18472
18474
18486
18492
18498
18504
18508
18518
18524
18526
18536
18554
18558
18570
18574
18578
18588
18596
18602
18636
18638
18638
18652
18686
18690
18698
18704
18704
18714
18714
18732
18738
18756
18768
18790
18802
18822
18824
18836
18852
18856
18882
18884
18904
18910
18910
18920
18922
18926
18932
18938
18942
18958
18958
18960
18962
18966
18966
18976
18976
19012
19012
19022
19034
19044
19048
19054
19054
19056
19060
19064
19074
19080
19080
19084
19086
19114
19116
19124
19128
19134
19136
19146
19176
19184
19194
19214
19214
19242
19246
19252
19288
19288
19288
19302
19316
19320
19322
19326
19326
19358
19360
19362
19364
19378
19390
19402
19416
19450
19452
19466
19466
19468
19474
19488
19488
19492
19492
19496
19500
19500
19504
19528
19536
19542
19550
19558
19618
19626
19628
19630
19670
19672
19694
19696
19702
19704
19744
19748
19760
19760
19764
19766
19778
19784
19804
19812
19812
19824
19866
19866
19866
19872
19886
19914
19942
19956
19960
19960
19978
19992
19996
19996
20006
20010
20010
20018
20022
20048
20058
20068
20094
20108
20126
20138
20168
20180
20186
20192
20192
20198
20210
20218
20220
20224
20232
20240
20242
20248
20256
20256
20264
20294
20302
20318
20322
20322
20328
20340
20348
20386
20400
20404
20404
20428
20432
20434
20434
20450
20452
20452
20478
20480
20482
20484
20486
20496
20498
20504
20506
20518
20528
20530
20542
20562
20566
20566
20566
20568
20576
20580
20600
20616
20618
20630
20630
20636
20656
20658
20672
20700
20700
20708
20724
20724
20732
20732
20734
20768
20772
20774
20778
20790
20814
20816
20818
20818
20820
20822
20822
20822
20834
20834
20840
20852
20858
20866
20892
20894
20916
20922
20930
20940
20942
20944
20954
20970
20984
20992
21014
21014
21062
21072
21082
21082
21084
21084
21098
21100
21112
21124
21130
21138
21158
21176
21178
21188
21188
21188
21188
21188
21208
21214
21216
21226
21240
21254
21256
21294
21294
21304
21306
21310
21314
21316
21320
21322
21338
21344
21346
21348
21352
21356
21356
21358
21360
21362
21362
21380
21380
21388
21400
21404
21408
21432
21438
21448
21448
21464
21470
21470
21476
21482
21486
21494
21518
21524
21528
21538
21538
21538
21538
21546
21550
21550
21558
21626
21636
21638
21640
21648
21656
21658
21672
21676
21676
21682
21698
21702
21712
21726
21738
21738
21744
21748
21764
21768
21772
21772
21796
21802
21814
21832
21838
21842
21842
21864
21872
21876
21914
21922
21932
21934
21942
21958
21968
21972
21972
21980
21990
21990
21990
22004
22024
22028
22028
22046
22050
22050
22056
22056
22058
22078
22082
22086
22086
22112
22116
22122
22158
22172
22180
22182
22186
22192
22192
22202
22206
22208
22230
22230
22232
22238
22248
22252
22252
22262
22276
22288
22302
22304
22310
22334
22334
22344
22344
22348
22352
22372
22380
22382
22396
22412
22420
22424
22434
22436
22438
22446
22454
22456
22472
22482
22502
22504
22520
22532
22542
22544
22554
22558
22574
22594
22640
22640
22646
22650
22658
22672
22686
22708
22708
22716
22720
22720
22732
22734
22734
22734
22736
22736
22746
22750
22754
22754
22754
22764
22772
22784
22788
22792
22792
22802
22804
22810
22820
22820
22824
22828
22844
22844
22850
22858
22860
22870
22900
22902
22904
22906
22912
22918
22922
22924
22932
22932
22942
22944
22950
22960
22962
22964
22974
22994
23010
23022
23026
23044
23056
23056
23058
23068
23090
23096
23112
23142
23144
23146
23154
23168
23174
23180
23198
23208
23210
23228
23230
23234
23236
23244
23252
23254
23270
23280
23292
23292
23296
23296
23298
23302
23312
23316
23318
23336
23352
23352
23362
23378
23382
23382
23390
23390
23406
23406
23412
23434
23434
23436
23456
23456
23468
23472
23480
23482
23482
23486
23492
23506
23520
23526
23534
23540
23544
23556
23556
23560
23564
23564
23584
23594
23594
23608
23634
23642
23670
23672
23680
23694
23694
23704
23706
23710
23730
23732
23744
23744
23754
23784
23790
23792
23796
23800
23808
23816
23824
23830
23856
23858
23886
23890
23898
23900
23908
23908
23944
23944
23952
23974
23980
23982
23998
24016
24040
24060
24094
24098
24102
24124
24126
24132
24134
24134
24162
24176
24182
24190
24200
24206
24218
24222
24222
24238
24244
24248
24250
24250
24252
24262
24270
24274
24276
24276
24288
24288
24294
24296
24300
24312
24318
24326
24334
24336
24376
24378
24380
24394
24394
24398
24412
24414
24414
24418
24438
24476
24478
24484
24484
24484
24494
24500
24502
24502
24512
24512
24516
24524
24548
24570
24578
24580
24584
24584
24588
24588
24592
24602
24608
24610
24628
24628
24638
24640
24668
24670
24672
24694
24700
24700
24710
24718
24718
24728
24742
24750
24770
24776
24778
24778
24782
24786
24786
24818
24824
24830
24832
24840
24852
24856
24868
24868
24876
24878
24880
24902
24902
24904
24918
24924
24928
24942
24948
24952
24956
24958
25002
25032
25038
25048
25064
25064
25076
25080
25084
25090
25114
25122
25144
25146
25154
25158
25158
25160
25166
25202
25212
25216
25216
25224
25236
25244
25252
25270
25272
25282
25282
25294
25298
25300
25300
25300
25304
25310
25334
25354
25416
25432
25436
25438
25444
25454
25454
25484
25532
25532
25538
25558
25564
25570
25590
25598
25600
25600
25604
25622
25630
25632
25636
25642
25648
25652
25660
25674
25678
25680
25696
25698
25714
25714
25716
25718
25728
25744
25748
25752
25758
25764
25766
25786
25790
25794
25802
25814
25818
25818
25820
25822
25826
25830
25836
25844
25856
25856
25866
25878
25886
25898
25918
25932
25938
25946
25948
25952
25962
25966
25968
25970
25984
25988
25992
26000
26024
26026
26034
26042
26042
26046
26048
26048
26054
26056
26064
26064
26072
26072
26080
26082
26092
26092
26102
26108
26120
26122
26124
26124
26134
26160
26188
26190
26202
26208
26210
26214
26220
26244
26246
26250
26260
26264
26266
26272
26284
26286
26302
26304
26312
26340
26342
26346
26352
26356
26394
26398
26402
26406
26438
26438
26452
26468
26490
26492
26492
26500
26504
26514
26522
26526
26534
26534
26534
26536
26548
26568
26580
26580
26584
26586
26590
26600
26610
26640
26642
26642
26648
26668
26676
26678
26698
26698
26712
26716
26718
26718
26744
26748
26748
26758
26762
26798
26810
26816
26826
26870
26874
26878
26880
26888
26888
26892
26898
26900
26904
26906
26910
26914
26916
26916
26930
26958
26958
26962
26990
26990
26996
26998
27002
27016
27020
27024
27028
27028
27034
27036
27048
27050
27054
27054
27056
27056
27068
27092
27122
27124
27132
27138
27138
27148
27152
27166
27182
27196
27206
27216
27224
27230
27232
27234
27236
27238
27264
27272
27284
27288
27298
27298
27298
27306
27306
27308
27312
27316
27336
27346
27354
27362
27362
27362
27366
27372
27372
27376
27396
27398
27404
27412
27440
27444
27444
27444
27448
27448
27452
27456
27458
27478
27494
27496
27512
27514
27516
27554
27566
27584
27588
27590
27596
27596
27600
27600
27600
27600
27604
27604
27614
27616
27630
27638
27648
27654
27662
27702
27728
27736
27738
27752
27752
27766
27766
27778
27786
27792
27808
27820
27844
27862
27866
27870
27876
27886
27890
27908
27920
27924
27930
27952
27962
27966
27966
27980
28004
28004
28020
28026
28036
28062
28070
28082
28084
28090
28092
28094
28096
28102
28112
28122
28126
28132
28132
28136
28162
28162
28176
28176
28182
28188
28208
28218
28226
28232
28232
28240
28244
28266
28294
28298
28302
28304
28324
28344
28344
28356
28362
28364
28366
28396
28418
28420
28428
28440
28448
28450
28464
28472
28486
28508
28514
28522
28530
28536
28560
28568
28582
28592
28600
28624
28624
28636
28640
28662
28666
28666
28674
28694
28704
28714
28722
28732
28732
28732
28736
28756
28758
28764
28792
28814
28836
28874
28878
28880
28908
28908
28930
28952
28960
28990
28998
29008
29008
29020
29040
29040
29042
29058
29076
29090
29126
29126
29134
29166
29178
29188
29208
29222
29232
29236
29238
29246
29250
29254
29254
29258
29258
29262
29262
29278
29296
29310
29310
29310
29314
29318
29320
29326
29328
29330
29344
29358
29372
29388
29392
29398
29402
29406
29426
29438
29440
29440
29442
29448
29452
29470
29478
29480
29484
29510
29514
29520
29528
29528
29562
29572
29574
29606
29626
29634
29640
29646
29648
29652
29652
29652
29660
29670
29670
29672
29672
29686
29688
29690
29692
29710
29716
29720
29720
29722
29736
29738
29744
29748
29750
29752
29752
29760
29766
29766
29772
29782
29784
29802
29806
29806
29810
29816
29816
29818
29818
29822
29834
29834
29838
29846
29850
29862
29882
29894
29894
29898
29906
29912
29928
29954
29964
29972
29976
29996
29996
30008
30024
30032
30040
30042
30048
30054
30068
30068
30070
30100
30108
30120
30144
30152
30152
30156
30166
30170
30178
30178
30194
30200
30206
30210
30216
30216
30218
30228
30238
30264
30274
30276
30276
30304
30344
30360
30394
30398
30428
30432
30438
30438
30446
30472
30484
30486
30500
30500
30518
30546
30550
30554
30574
30606
30616
30632
30636
30640
30642
30644
30646
30652
30652
30678
30684
30698
30704
30704
30704
30704
30716
30722
30724
30742
30750
30750
30752
30784
30784
30784
30790
30792
30804
30804
30804
30812
30820
30826
30832
30844
30864
30866
30870
30898
30900
30910
30912
30912
30916
30920
30930
30938
30942
30944
30956
30956
30962
30962
30982
30982
30986
30988
30988
31010
31014
31030
31030
31046
31050
31052
31068
31080
31086
31088
31120
31126
31144
31168
31210
31212
31220
31252
31252
31254
31254
31258
31260
31284
31284
31288
31288
31288
31290
31292
31318
31334
31342
31358
31360
31366
31400
31410
31418
31418
31424
31430
31452
31454
31464
31470
31470
31474
31474
31482
31484
31502
31504
31508
31514
31532
31540
31566
31580
31584
31584
31586
31590
31594
31596
31602
31602
31616
31618
31634
31634
31664
31670
31674
31676
31684
31686
31690
31700
31708
31708
31712
31714
31714
31716
31720
31722
31726
31734
31734
31734
31736
31738
31738
31738
31742
31742
31746
31748
31760
31774
31774
31774
31776
31780
31790
31790
31812
31826
31836
31854
31858
31880
31880
31884
31888
31898
31910
31916
31928
31934
31940
31942
31948
31956
31956
31962
31966
31974
31982
31998
32008
32024
32024
32028
32028
32038
32040
32048
32048
32048
32054
32088
32094
32100
32108
32112
32112
32120
32132
32140
32142
32158
32160
32164
32164
32164
32168
32168
32178
32186
32196
32216
32226
32226
32238
32244
32250
32250
32254
32264
32270
32270
32274
32274
32284
32284
32288
32294
32314
32316
32316
32358
32364
32382
32386
32396
32398
32400
32402
32402
32406
32410
32410
32412
32412
32424
32432
32434
32446
32482
32482
32482
32482
32484
32500
32506
32526
32526
32528
32532
32546
32546
32570
32572
32600
32604
32604
32616
32620
32632
32656
32698
32702
32704
32714
32726
32728
32728
32742
32742
32744
32746
32756
32762
32766
