-32747
-32743
-32687
-32673
-32673
-32653
-32637
-32601
-32585
-32577
-32563
-32551
-32545
-32527
-32525
-32499
-32477
-32461
-32457
-32431
-32431
-32427
-32413
-32413
-32403
-32367
-32353
-32329
-32325
-32321
-32271
-32239
-32207
-32207
-32165
-32151
-32141
-32097
-32097
-32071
-32065
-32053
-32051
-32049
-32041
-32039
-32037
-32037
-32019
-32019
-32019
-32007
-32007
-31999
-31947
-31943
-31939
-31937
-31903
-31901
-31891
-31873
-31873
-31865
-31865
-31843
-31759
-31759
-31679
-31679
-31671
-31621
-31619
-31619
-31595
-31581
-31569
-31539
-31525
-31513
-31495
-31491
-31491
-31479
-31477
-31433
-31431
-31379
-31335
-31319
-31313
-31265
-31241
-31235
-31213
-31193
-31179
-31173
-31143
-31143
-31121
-31067
-31063
-31039
-31021
-30973
-30973
-30953
-30921
-30909
-30867
-30849
-30801
-30795
-30769
-30767
-30725
-30683
-30683
-30675
-30673
-30673
-30667
-30643
-30627
-30623
-30607
-30607
-30607
-30593
-30593
-30575
-30565
-30557
-30539
-30489
-30461
-30449
-30423
-30423
-30423
-30385
-30381
-30381
-30381
-30353
-30353
-30341
-30341
-30319
-30319
-30305
-30297
-30297
-30297
-30295
-30291
-30287
-30287
-30279
-30279
-30255
-30221
-30185
-30167
-30129
-30089
-30025
-30009
-30009
-29987
-29985
-29985
-29975
-29943
-29925
-29925
-29925
-29891
-29881
-29875
-29875
-29749
-29745
-29741
-29739
-29703
-29699
-29699
-29689
-29657
-29607
-29603
-29603
-29595
-29577
-29577
-29559
-29531
-29497
-29451
-29439
-29437
-29409
-29409
-29355
-29329
-29315
-29305
-29297
-29271
-29237
-29229
-29219
-29209
-29185
-29185
-29183
-29169
-29165
-29115
-29113
-29113
-29085
-29081
-29073
-29061
-29049
-29043
-29043
-29033
-29021
-28989
-28977
-28943
-28933
-28905
-28899
-28877
-28849
-28813
-28795
-28709
-28709
-28705
-28685
-28685
-28671
-28619
-28619
-28611
-28611
-28603
-28595
-28589
-28575
-28567
-28567
-28557
-28537
-28535
-28531
-28523
-28501
-28495
-28465
-28445
-28389
-28325
-28311
-28305
-28299
-28281
-28281
-28245
-28209
-28195
-28195
-28163
-28143
-28139
-28139
-28125
-28107
-28107
-28105
-28105
-28083
-28035
-28011
-28011
-28011
-27995
-27995
-27987
-27973
-27941
-27933
-27913
-27903
-27865
-27861
-27837
-27833
-27825
-27789
-27777
-27753
-27753
-27751
-27735
-27731
-27727
-27723
-27715
-27631
-27629
-27603
-27579
-27579
-27559
-27537
-27537
-27537
-27537
-27537
-27533
-27529
-27527
-27527
-27519
-27507
-27501
-27467
-27437
-27437
-27431
-27431
-27425
-27419
-27401
-27397
-27395
-27393
-27381
-27365
-27361
-27325
-27321
-27319
-27295
-27293
-27251
-27251
-27231
-27231
-27231
-27197
-27197
-27195
-27131
-27121
-27089
-27067
-27061
-27057
-27055
-27005
-26957
-26939
-26935
-26925
-26919
-26911
-26849
-26841
-26817
-26815
-26805
-26767
-26767
-26727
-26727
-26703
-26665
-26641
-26627
-26579
-26565
-26511
-26487
-26473
-26461
-26461
-26443
-26395
-26309
-26303
-26299
-26257
-26233
-26229
-26191
-26191
-26169
-26155
-26155
-26149
-26143
-26121
-26017
-26013
-26007
-26005
-25973
-25961
-25931
-25919
-25917
-25861
-25831
-25825
-25813
-25775
-25763
-25737
-25707
-25707
-25705
-25703
-25689
-25681
-25607
-25605
-25605
-25555
-25555
-25553
-25537
-25523
-25511
-25483
-25457
-25415
-25361
-25361
-25335
-25335
-25315
-25313
-25291
-25275
-25271
-25267
-25267
-25261
-25185
-25161
-25113
-25109
-25085
-25085
-25083
-25059
-25059
-25031
-25027
-24991
-24933
-24919
-24915
-24891
-24889
-24887
-24881
-24869
-24855
-24851
-24823
-24807
-24755
-24755
-24749
-24749
-24703
-24695
-24687
-24671
-24671
-24667
-24667
-24661
-24655
-24655
-24647
-24609
-24599
-24571
-24561
-24557
-24547
-24501
-24497
-24493
-24493
-24483
-24459
-24459
-24457
-24451
-24449
-24439
-24435
-24433
-24433
-24393
-24365
-24349
-24347
-24337
-24317
-24315
-24315
-24283
-24283
-24259
-24255
-24255
-24241
-24221
-24215
-24147
-24139
-24123
-24111
-24101
-24101
-24093
-24093
-24071
-24069
-24013
-24013
-24001
-23979
-23935
-23935
-23931
-23927
-23913
-23905
-23885
-23883
-23877
-23843
-23837
-23811
-23805
-23767
-23761
-23749
-23727
-23715
-23703
-23703
-23639
-23595
-23569
-23551
-23521
-23485
-23471
-23463
-23431
-23361
-23361
-23315
-23311
-23309
-23299
-23235
-23225
-23221
-23219
-23217
-23173
-23115
-23113
-23113
-23099
-23095
-23075
-23067
-23055
-23039
-22977
-22967
-22965
-22909
-22833
-22833
-22833
-22831
-22831
-22829
-22795
-22787
-22787
-22783
-22771
-22757
-22735
-22725
-22711
-22667
-22663
-22663
-22653
-22653
-22633
-22629
-22617
-22611
-22603
-22589
-22581
-22581
-22579
-22577
-22577
-22513
-22501
-22483
-22463
-22439
-22423
-22401
-22401
-22381
-22381
-22359
-22359
-22351
-22351
-22347
-22343
-22343
-22335
-22335
-22319
-22319
-22309
-22285
-22283
-22263
-22257
-22235
-22223
-22123
-22111
-22105
-22101
-22073
-22031
-22027
-22003
-21981
-21967
-21951
-21945
-21939
-21895
-21895
-21887
-21881
-21869
-21847
-21839
-21839
-21783
-21783
-21775
-21765
-21761
-21733
-21679
-21655
-21619
-21613
-21603
-21583
-21551
-21531
-21505
-21461
-21457
-21457
-21447
-21439
-21419
-21419
-21413
-21411
-21379
-21371
-21355
-21303
-21247
-21243
-21195
-21187
-21153
-21133
-21131
-21123
-21119
-21117
-21079
-21045
-21035
-21005
-20973
-20971
-20971
-20949
-20935
-20933
-20933
-20929
-20927
-20919
-20915
-20911
-20893
-20893
-20875
-20875
-20855
-20855
-20847
-20841
-20839
-20815
-20807
-20807
-20797
-20795
-20793
-20793
-20761
-20741
-20725
-20657
-20629
-20629
-20625
-20597
-20579
-20563
-20539
-20537
-20531
-20481
-20465
-20453
-20445
-20421
-20393
-20393
-20391
-20345
-20341
-20337
-20337
-20337
-20323
-20283
-20283
-20281
-20251
-20227
-20197
-20191
-20191
-20169
-20161
-20125
-20037
-19999
-19993
-19983
-19953
-19945
-19935
-19883
-19873
-19861
-19859
-19859
-19859
-19849
-19841
-19837
-19805
-19725
-19693
-19693
-19661
-19655
-19653
-19635
-19631
-19575
-19561
-19559
-19555
-19553
-19513
-19513
-19475
-19451
-19449
-19449
-19423
-19411
-19393
-19385
-19345
-19345
-19333
-19329
-19315
-19313
-19299
-19287
-19273
-19263
-19259
-19259
-19171
-19171
-19157
-19157
-19147
-19141
-19133
-19105
-19095
-19095
-19095
-19031
-18961
-18959
-18947
-18907
-18897
-18877
-18873
-18861
-18849
-18831
-18831
-18819
-18811
-18811
-18803
-18801
-18795
-18789
-18749
-18677
-18651
-18649
-18643
-18635
-18635
-18611
-18611
-18593
-18591
-18573
-18557
-18545
-18517
-18517
-18503
-18471
-18465
-18465
-18431
-18429
-18429
-18423
-18387
-18355
-18337
-18337
-18335
-18321
-18321
-18307
-18291
-18279
-18271
-18259
-18249
-18233
-18205
-18203
-18185
-18165
-18133
-18133
-18133
-18131
-18123
-18023
-17971
-17967
-17963
-17951
-17945
-17945
-17933
-17933
-17891
-17891
-17887
-17879
-17879
-17853
-17761
-17729
-17701
-17701
-17679
-17671
-17651
-17627
-17619
-17619
-17605
-17601
-17589
-17559
-17541
-17517
-17517
-17491
-17489
-17489
-17477
-17469
-17443
-17413
-17345
-17345
-17323
-17313
-17307
-17303
-17301
-17301
-17301
-17275
-17243
-17223
-17215
-17185
-17149
-17101
-17099
-17069
-17063
-17033
-17033
-17003
-16993
-16939
-16939
-16931
-16921
-16895
-16893
-16879
-16867
-16851
-16835
-16789
-16771
-16733
-16727
-16727
-16707
-16707
-16657
-16653
-16651
-16633
-16595
-16585
-16581
-16581
-16561
-16555
-16551
-16541
-16477
-16473
-16455
-16441
-16433
-16427
-16419
-16399
-16395
-16395
-16389
-16375
-16363
-16349
-16349
-16341
-16311
-16309
-16287
-16285
-16255
-16247
-16235
-16197
-16189
-16175
-16175
-16175
-16173
-16171
-16169
-16121
-16121
-16101
-16097
-16095
-16077
-16033
-16013
-16011
-16011
-16009
-16009
-16003
-15993
-15971
-15941
-15937
-15937
-15913
-15901
-15893
-15871
-15861
-15859
-15849
-15825
-15813
-15811
-15799
-15785
-15783
-15775
-15741
-15731
-15681
-15667
-15655
-15655
-15655
-15655
-15627
-15617
-15605
-15587
-15505
-15489
-15487
-15485
-15485
-15467
-15413
-15405
-15391
-15391
-15315
-15273
-15267
-15261
-15255
-15249
-15225
-15225
-15225
-15219
-15205
-15187
-15173
-15149
-15141
-15127
-15105
-15047
-15047
-15037
-15021
-14995
-14995
-14981
-14979
-14977
-14973
-14973
-14959
-14951
-14951
-14949
-14925
-14925
-14923
-14891
-14865
-14855
-14827
-14827
-14827
-14809
-14763
-14763
-14739
-14735
-14663
-14663
-14647
-14641
-14603
-14603
-14499
-14497
-14497
-14495
-14469
-14469
-14463
-14389
-14355
-14355
-14347
-14347
-14341
-14335
-14333
-14333
-14319
-14295
-14205
-14205
-14201
-14201
-14173
-14117
-14089
-14085
-14049
-14049
-14021
-14013
-14003
-13931
-13923
-13923
-13893
-13893
-13877
-13849
-13817
-13761
-13757
-13747
-13747
-13743
-13693
-13655
-13651
-13649
-13649
-13595
-13559
-13559
-13527
-13515
-13501
-13499
-13487
-13435
-13421
-13421
-13403
-13397
-13377
-13371
-13371
-13331
-13301
-13279
-13253
-13207
-13197
-13181
-13173
-13173
-13157
-13157
-13137
-13137
-13095
-13047
-13029
-13027
-13011
-12985
-12977
-12887
-12887
-12883
-12867
-12853
-12847
-12839
-12831
-12823
-12823
-12813
-12793
-12769
-12729
-12729
-12661
-12643
-12623
-12623
-12597
-12597
-12597
-12533
-12525
-12481
-12461
-12449
-12449
-12431
-12431
-12425
-12413
-12373
-12359
-12333
-12333
-12307
-12283
-12263
-12257
-12257
-12241
-12231
-12231
-12207
-12185
-12183
-12183
-12103
-12089
-12081
-12077
-12059
-12051
-12017
-11913
-11911
-11911
-11901
-11899
-11867
-11863
-11855
-11855
-11839
-11833
-11829
-11821
-11815
-11809
-11789
-11787
-11783
-11725
-11699
-11679
-11679
-11675
-11667
-11655
-11651
-11603
-11601
-11601
-11581
-11551
-11551
-11497
-11493
-11471
-11455
-11451
-11425
-11415
-11375
-11375
-11327
-11213
-11207
-11197
-11197
-11167
-11127
-11079
-11067
-11061
-11041
-11013
-11009
-11005
-11001
-10997
-10997
-10959
-10933
-10925
-10919
-10911
-10907
-10881
-10877
-10863
-10827
-10811
-10805
-10805
-10783
-10771
-10767
-10765
-10765
-10737
-10727
-10703
-10691
-10691
-10665
-10657
-10651
-10633
-10605
-10605
-10595
-10569
-10565
-10565
-10557
-10547
-10529
-10529
-10481
-10481
-10477
-10477
-10471
-10467
-10455
-10439
-10419
-10403
-10365
-10363
-10331
-10331
-10303
-10271
-10271
-10239
-10227
-10215
-10195
-10183
-10179
-10135
-10095
-10095
-10089
-10073
-10073
-10063
-10033
-10033
-10031
-10023
-9977
-9973
-9973
-9897
-9895
-9863
-9839
-9837
-9809
-9807
-9791
-9785
-9773
-9753
-9735
-9719
-9699
-9669
-9615
-9611
-9611
-9605
-9599
-9591
-9589
-9573
-9553
-9547
-9545
-9541
-9515
-9485
-9485
-9475
-9475
-9437
-9295
-9279
-9257
-9237
-9233
-9227
-9211
-9185
-9185
-9183
-9183
-9173
-9161
-9155
-9101
-9093
-9093
-9077
-9077
-9051
-9043
-9021
-9017
-9017
-8999
-8949
-8939
-8909
-8895
-8799
-8749
-8701
-8683
-8665
-8627
-8625
-8589
-8579
-8575
-8571
-8553
-8543
-8445
-8441
-8441
-8427
-8427
-8423
-8401
-8393
-8365
-8357
-8339
-8311
-8307
-8307
-8273
-8273
-8261
-8251
-8209
-8209
-8195
-8185
-8161
-8151
-8141
-8133
-8109
-8049
-8049
-8009
-8009
-7991
-7991
-7989
-7979
-7977
-7977
-7969
-7969
-7929
-7927
-7921
-7899
-7897
-7889
-7877
-7859
-7859
-7823
-7807
-7783
-7767
-7761
-7743
-7743
-7731
-7729
-7723
-7723
-7707
-7691
-7681
-7681
-7659
-7615
-7613
-7539
-7525
-7507
-7507
-7507
-7493
-7477
-7471
-7459
-7459
-7431
-7421
-7405
-7359
-7319
-7297
-7267
-7249
-7237
-7197
-7157
-7109
-7109
-7087
-7081
-7073
-7073
-7059
-7059
-7057
-7051
-7041
-7035
-7033
-7023
-6989
-6923
-6897
-6871
-6869
-6869
-6861
-6857
-6805
-6757
-6755
-6749
-6739
-6733
-6717
-6689
-6649
-6645
-6645
-6631
-6585
-6561
-6561
-6555
-6555
-6543
-6531
-6507
-6503
-6497
-6473
-6437
-6419
-6393
-6383
-6383
-6375
-6369
-6357
-6347
-6345
-6289
-6285
-6281
-6281
-6275
-6253
-6231
-6193
-6175
-6137
-6103
-6073
-6073
-6065
-6051
-6023
-5985
-5947
-5933
-5887
-5883
-5873
-5837
-5819
-5819
-5771
-5725
-5713
-5695
-5695
-5663
-5643
-5639
-5639
-5627
-5607
-5561
-5561
-5543
-5479
-5475
-5459
-5401
-5391
-5357
-5353
-5315
-5301
-5295
-5287
-5287
-5257
-5255
-5255
-5245
-5231
-5223
-5197
-5175
-5123
-5123
-5107
-5099
-5085
-5075
-5071
-5049
-5049
-5049
-5043
-5033
-5033
-5011
-4981
-4979
-4933
-4925
-4901
-4901
-4895
-4883
-4833
-4817
-4817
-4803
-4787
-4773
-4767
-4761
-4753
-4753
-4675
-4671
-4669
-4669
-4667
-4639
-4639
-4601
-4595
-4575
-4541
-4527
-4527
-4447
-4445
-4437
-4427
-4427
-4423
-4411
-4409
-4387
-4361
-4301
-4301
-4275
-4273
-4259
-4241
-4219
-4219
-4185
-4171
-4169
-4143
-4135
-4115
-4107
-4105
-4097
-4077
-4063
-4033
-4033
-4033
-4015
-4015
-4013
-4011
-3997
-3991
-3991
-3965
-3945
-3945
-3943
-3941
-3941
-3921
-3875
-3855
-3841
-3819
-3757
-3741
-3737
-3639
-3629
-3629
-3627
-3619
-3615
-3583
-3577
-3559
-3559
-3547
-3535
-3531
-3527
-3527
-3517
-3513
-3497
-3483
-3479
-3479
-3475
-3469
-3449
-3443
-3415
-3411
-3409
-3403
-3397
-3397
-3397
-3365
-3365
-3315
-3315
-3315
-3289
-3267
-3265
-3221
-3147
-3139
-3119
-3061
-3061
-3035
-3029
-3017
-3017
-2993
-2977
-2963
-2957
-2949
-2933
-2917
-2857
-2853
-2841
-2789
-2787
-2787
-2747
-2745
-2731
-2731
-2721
-2709
-2709
-2691
-2689
-2643
-2633
-2625
-2607
-2605
-2571
-2555
-2553
-2547
-2547
-2513
-2511
-2501
-2495
-2489
-2483
-2481
-2455
-2455
-2419
-2347
-2347
-2325
-2313
-2295
-2285
-2267
-2247
-2245
-2235
-2221
-2219
-2213
-2193
-2173
-2131
-2127
-2093
-2093
-2085
-2027
-2027
-2013
-1997
-1985
-1967
-1953
-1953
-1929
-1929
-1925
-1921
-1893
-1893
-1889
-1883
-1855
-1813
-1805
-1789
-1789
-1785
-1773
-1753
-1725
-1721
-1715
-1685
-1685
-1665
-1661
-1631
-1621
-1603
-1595
-1569
-1569
-1549
-1521
-1517
-1517
-1513
-1493
-1475
-1463
-1455
-1433
-1413
-1399
-1379
-1359
-1307
-1307
-1285
-1283
-1279
-1279
-1273
-1273
-1267
-1249
-1249
-1247
-1237
-1211
-1189
-1167
-1147
-1135
-1129
-1119
-1105
-1105
-1095
-1095
-1079
-1069
-1069
-1053
-1007
-995
-991
-991
-977
-975
-969
-965
-949
-949
-941
-935
-913
-913
-897
-893
-871
-863
-829
-823
-783
-783
-777
-777
-775
-769
-751
-745
-721
-711
-699
-691
-685
-475
-429
-429
-417
-413
-385
-357
-353
-353
-341
-341
-323
-321
-309
-295
-281
-275
-257
-251
-249
-239
-231
-219
-215
-185
-175
-171
-165
-149
-117
-71
-71
-71
-37
-11
8
32
42
46
46
118
160
160
162
162
166
192
262
264
264
268
274
304
320
344
344
346
350
394
404
412
412
458
458
530
532
588
592
594
594
626
632
640
652
674
696
698
738
770
770
784
790
794
818
818
840
868
872
876
890
898
898
904
932
964
970
978
978
1012
1024
1026
1026
1030
1040
1086
1088
1122
1158
1162
1166
1170
1170
1188
1234
1242
1242
1246
1250
1250
1266
1270
1326
1328
1328
1328
1336
1352
1366
1366
1376
1382
1424
1432
1438
1446
1498
1536
1536
1538
1554
1554
1560
1570
1580
1590
1592
1598
1598
1598
1660
1666
1674
1704
1730
1742
1758
1766
1778
1796
1798
1804
1804
1818
1824
1834
1834
1880
1880
1898
1954
1956
1956
1956
1980
2000
2000
2014
2112
2120
2120
2156
2170
2170
2178
2192
2200
2206
2206
2232
2232
2240
2244
2250
2250
2256
2276
2278
2360
2362
2414
2434
2434
2460
2466
2508
2510
2532
2532
2534
2546
2548
2548
2578
2590
2590
2622
2660
2660
2670
2670
2672
2672
2680
2690
2690
2694
2694
2702
2706
2714
2734
2734
2738
2790
2790
2810
2856
2864
2872
2878
2890
2900
2914
2942
2962
2996
3006
3006
3006
3008
3010
3010
3024
3048
3088
3088
3094
3136
3190
3192
3208
3208
3234
3258
3260
3264
3294
3338
3354
3354
3370
3376
3388
3428
3428
3456
3486
3494
3520
3522
3552
3552
3560
3578
3578
3650
3660
3660
3664
3720
3726
3736
3746
3746
3768
3772
3778
3810
3818
3822
3864
3864
3866
3874
3932
3934
3934
3934
3990
4016
4042
4044
4044
4064
4084
4094
4102
4108
4192
4192
4194
4212
4234
4242
4262
4262
4270
4276
4288
4288
4296
4304
4326
4332
4334
4426
4430
4432
4450
4466
4492
4492
4504
4504
4516
4550
4550
4586
4588
4588
4640
4644
4644
4656
4670
4686
4706
4712
4728
4772
4788
4802
4810
4814
4838
4840
4840
4894
4916
4980
4996
4996
5004
5004
5012
5036
5054
5060
5096
5130
5138
5138
5138
5142
5142
5142
5154
5198
5200
5238
5240
5240
5268
5270
5270
5270
5318
5322
5336
5344
5348
5360
5362
5370
5414
5438
5442
5450
5466
5468
5500
5512
5516
5520
5520
5524
5536
5538
5556
5564
5590
5598
5600
5624
5642
5684
5692
5692
5692
5708
5714
5748
5762
5766
5788
5798
5802
5804
5830
5830
5866
5876
5888
5898
5932
5936
5950
5950
5962
6002
6010
6012
6012
6024
6056
6078
6084
6140
6170
6174
6212
6214
6214
6248
6262
6270
6286
6292
6302
6302
6304
6304
6354
6360
6362
6382
6388
6388
6402
6440
6450
6462
6474
6492
6494
6508
6522
6538
6540
6582
6614
6616
6646
6660
6694
6716
6744
6748
6748
6752
6752
6756
6802
6802
6850
6960
6964
6976
6980
6982
6982
7000
7014
7020
7020
7052
7066
7080
7118
7122
7126
7126
7150
7156
7156
7168
7172
7186
7204
7208
7216
7216
7218
7264
7264
7288
7288
7310
7310
7314
7314
7318
7320
7328
7328
7330
7354
7392
7392
7414
7448
7450
7476
7476
7530
7530
7530
7542
7556
7564
7566
7608
7608
7690
7692
7708
7740
7740
7772
7772
7778
7864
7868
7880
7902
7986
7998
8056
8060
8102
8118
8170
8186
8200
8224
8224
8344
8348
8350
8354
8356
8394
8432
8432
8434
8434
8498
8598
8602
8602
8604
8606
8638
8642
8666
8720
8724
8762
8768
8788
8792
8812
8814
8836
8846
8856
8898
8916
8926
8928
8928
8934
9000
9044
9060
9108
9156
9170
9210
9222
9268
9288
9294
9306
9338
9352
9402
9412
9422
9422
9424
9432
9438
9446
9460
9460
9480
9484
9488
9494
9522
9530
9536
9558
9558
9560
9600
9602
9610
9610
9636
9660
9660
9674
9674
9684
9686
9698
9702
9728
9760
9760
9800
9800
9808
9824
9826
9854
9880
9888
9914
9922
9926
9980
10068
10070
10110
10110
10132
10136
10140
10140
10146
10152
10168
10176
10196
10198
10230
10244
10256
10300
10314
10334
10354
10380
10380
10382
10390
10446
10446
10484
10506
10516
10518
10552
10566
10568
10658
10720
10720
10732
10736
10742
10744
10746
10780
10840
10860
10872
10872
10872
10878
10896
10908
10918
10944
10946
10946
10952
10954
11016
11018
11028
11032
11044
11052
11058
11060
11062
11090
11090
11104
11120
11132
11208
11262
11266
11268
11268
11306
11314
11314
11326
11328
11328
11328
11346
11348
11352
11360
11370
11388
11390
11406
11456
11456
11486
11496
11496
11502
11560
11566
11574
11574
11580
11660
11674
11674
11674
11738
11748
11762
11796
11810
11814
11814
11884
11898
11912
11912
11912
11918
11962
11984
11994
11994
12014
12076
12108
12126
12138
12140
12176
12178
12188
12234
12266
12266
12272
12272
12284
12296
12296
12298
12298
12330
12356
12390
12390
12392
12402
12422
12426
12454
12482
12482
12488
12536
12540
12550
12596
12610
12610
12644
12656
12698
12698
12706
12730
12732
12776
12802
12802
12806
12828
12832
12832
12846
12846
12850
12852
12854
12866
12916
12924
12960
12962
12976
12976
12976
12992
12992
13084
13090
13100
13102
13102
13142
13142
13160
13170
13200
13200
13206
13210
13214
13218
13230
13234
13238
13246
13246
13252
13254
13264
13266
13294
13298
13300
13300
13324
13350
13368
13374
13374
13388
13400
13402
13420
13428
13432
13446
13478
13502
13504
13508
13544
13544
13548
13548
13552
13606
13658
13686
13688
13742
13742
13756
13786
13790
13802
13810
13814
13822
13838
13844
13844
13908
13908
13924
14004
14008
14076
14076
14094
14122
14122
14130
14140
14140
14146
14154
14154
14154
14162
14180
14194
14196
14196
14210
14234
14268
14270
14272
14272
14278
14292
14348
14350
14410
14412
14418
14446
14464
14468
14468
14502
14502
14518
14526
14540
14564
14564
14578
14586
14596
14630
14714
14754
14772
14782
14790
14822
14836
14846
14884
14916
14922
14936
14950
14950
14954
14960
14970
14970
14990
15036
15042
15096
15100
15114
15114
15142
15142
15150
15158
15158
15162
15162
15188
15218
15228
15230
15242
15252
15252
15262
15262
15296
15296
15302
15320
15320
15326
15330
15356
15364
15370
15440
15442
15454
15458
15458
15494
15500
15500
15518
15518
15542
15550
15554
15590
15594
15614
15618
15622
15626
15662
15726
15744
15766
15766
15808
15808
15818
15834
15840
15880
15880
15894
15910
15910
15912
15946
15952
15954
15960
15986
15998
16012
16018
16138
16166
16166
16182
16226
16238
16282
16282
16284
16284
16318
16326
16330
16336
16396
16416
16438
16446
16460
16476
16488
16526
16650
16664
16670
16688
16692
16748
16752
16818
16818
16862
16864
16892
16900
16910
16926
16926
16932
16932
16944
16980
16982
17004
17020
17020
17026
17052
17118
17118
17128
17188
17210
17210
17214
17248
17270
17298
17300
17310
17312
17388
17390
17392
17410
17450
17482
17486
17504
17508
17516
17518
17540
17540
17546
17548
17550
17550
17562
17584
17600
17612
17612
17622
17622
17666
17690
17690
17718
17722
17728
17728
17728
17794
17794
17820
17824
17894
17898
17926
17952
17958
17980
18022
18050
18072
18114
18124
18152
18152
18156
18156
18180
18180
18186
18234
18234
18236
18248
18248
18264
18286
18322
18338
18338
18398
18434
18474
18486
18518
18524
18526
18536
18536
18558
18570
18574
18596
18638
18714
18714
18738
18756
18768
18790
18802
18824
18882
18904
18910
18926
18932
18932
18938
18942
18958
18976
19044
19054
19054
19056
19060
19064
19080
19084
19086
19114
19128
19134
19136
19146
19194
19214
19252
19288
19288
19302
19316
19320
19322
19358
19360
19362
19364
19390
19402
19416
19466
19468
19488
19488
19500
19504
19536
19550
19618
19626
19628
19630
19694
19702
19744
19764
19778
19804
19866
19872
19886
19914
20018
20058
20108
20126
20138
20168
20168
20192
20218
20232
20240
20256
20294
20322
20340
20340
20400
20428
20432
20450
20452
20452
20480
20484
20486
20496
20498
20528
20562
20566
20600
20616
20630
20658
20700
20734
20768
20772
20774
20778
20790
20790
20814
20840
20858
20866
20866
20892
20916
20940
20984
21062
21072
21084
21084
21084
21100
21176
21216
21256
21256
21304
21306
21316
21320
21338
21338
21344
21346
21352
21356
21356
21360
21380
21388
21432
21470
21470
21486
21518
21546
21546
21550
21550
21626
21648
21682
21682
21744
21748
21772
21796
21814
21814
21838
21838
21842
21872
21914
21914
21932
21942
21968
21980
21990
21990
21990
21990
21990
21990
22004
22046
22056
22056
22058
22078
22112
22112
22122
22180
22180
22182
22186
22202
22206
22248
22276
22288
22302
22304
22310
22334
22334
22334
22344
22380
22438
22446
22446
22504
22544
22594
22594
22640
22640
22646
22658
22686
22708
22720
22732
22750
22784
22788
22802
22804
22820
22824
22870
22900
22904
22906
22912
22924
22942
22944
22950
22964
22964
22974
22974
22994
23010
23022
23044
23090
23096
23112
23142
23174
23198
23210
23210
23228
23252
23252
23254
23280
23292
23292
23296
23318
23336
23378
23382
23390
23406
23406
23434
23436
23472
23480
23482
23492
23506
23520
23526
23540
23544
23544
23556
23556
23560
23608
23642
23670
23672
23680
23694
23694
23704
23732
23754
23754
23784
23800
23816
23830
23830
23856
23858
23886
23898
23900
23908
23908
23952
23998
24016
24040
24060
24094
24102
24124
24124
24190
24200
24238
24244
24244
24250
24252
24252
24262
24270
24274
24276
24276
24294
24296
24300
24376
24378
24394
24412
24414
24414
24414
24418
24484
24494
24512
24548
24570
24570
24588
24588
24602
24610
24628
24628
24628
24672
24694
24728
24742
24778
24782
24786
24818
24824
24830
24832
24840
24868
24876
24876
24880
24918
24948
25038
25080
25084
25090
25114
25144
25144
25160
25216
25236
25334
25454
25454
25532
25538
25558
25564
25564
25570
25598
25600
25622
25642
25660
25674
25680
25716
25716
25718
25744
25748
25758
25764
25764
25786
25794
25818
25836
25886
25898
25932
25938
25948
25962
25966
25966
25968
25968
25988
26000
26042
26042
26048
26072
26080
26120
26120
26124
26208
26250
26272
26272
26286
26304
26340
26340
26346
26394
26398
26402
26406
26490
26492
26492
26504
26536
26548
26568
26580
26584
26584
26610
26642
26676
26678
26698
26698
26712
26716
26718
26748
26762
26762
26870
26880
26900
26914
26916
26916
26930
26996
27002
27024
27036
27036
27048
27050
27054
27054
27056
27068
27092
27122
27148
27152
27166
27166
27230
27234
27236
27238
27238
27272
27284
27288
27298
27306
27306
27306
27312
27346
27362
27396
27396
27398
27404
27404
27444
27444
27444
27444
27458
27458
27478
27494
27496
27514
27516
27584
27596
27600
27600
27604
27604
27616
27654
27662
27662
27702
27728
27792
27808
27820
27844
27862
27862
27870
27870
27886
27890
27890
27920
27924
27930
27952
27962
27962
27980
27980
28020
28026
28062
28084
28084
28090
28090
28094
28112
28126
28136
28162
28162
28176
28182
28182
28226
28226
28232
28266
28266
28294
28298
28298
28302
28344
28362
28364
28364
28366
28420
28420
28428
28450
28450
28464
28508
28530
28536
28568
28582
28600
28636
28640
28662
28694
28704
28732
28732
28736
28756
28756
28758
28764
28814
28878
28878
28930
28990
29008
29008
29040
29042
29058
29232
29236
29238
29246
29246
29250
29258
29258
29296
29310
29314
29320
29320
29326
29344
29344
29358
29372
29388
29402
29426
29438
29438
29448
29452
29514
29528
29562
29646
29652
29652
29652
29660
29670
29670
29688
29690
29710
29716
29716
29722
29738
29738
29744
29766
29782
29784
29816
29818
29834
29834
29846
29850
29862
29862
29898
29906
29928
29928
29954
29964
29964
29972
29976
29976
30008
30040
30042
30068
30070
30152
30152
30152
30200
30210
30216
30216
30218
30228
30238
30274
30276
30304
30304
30344
30360
30394
30398
30432
30472
30484
30486
30518
30550
30632
30640
30642
30646
30698
30698
30704
30722
30722
30742
30752
30752
30790
30792
30812
30844
30864
30866
30866
30898
30900
30900
30912
30912
30916
30944
30986
31014
31046
31080
31086
31120
31120
31168
31168
31252
31258
31260
31260
31288
31290
31334
31358
31358
31400
31418
31424
31424
31452
31454
31464
31470
31482
31502
31504
31532
31540
31566
31584
31584
31584
31586
31590
31594
31602
31602
31616
31618
31634
31634
31634
31670
31674
31676
31684
31684
31686
31690
31700
31708
31708
31714
31734
31736
31742
31746
31748
31774
31776
31780
31790
31790
31790
31812
31858
31888
31898
31910
31928
31956
31974
31974
31982
32028
32038
32048
32048
32048
32048
32088
32100
32108
32158
32164
32164
32164
32186
32238
32244
32284
32284
32288
32314
32316
32358
32382
32396
32398
32402
32412
32412
32412
32446
32446
32484
32506
32526
32526
32526
32528
32546
32546
32570
32570
32572
32616
32632
32714
32726
32728
32728
32742
32762
32762
