-32747
-32747
-32743
-32585
-32585
-32545
-32477
-32461
-32461
-32457
-32427
-32367
-32353
-32329
-32329
-32325
-32321
-32141
-32141
-32053
-32053
-32019
-32019
-31947
-31943
-31891
-31843
-31671
-31595
-31581
-31539
-31513
-31513
-31495
-31479
-31479
-31433
-31433
-31431
-31431
-31335
-31319
-31313
-31265
-31193
-31173
-31063
-31063
-31021
-31021
-30909
-30867
-30867
-30795
-30767
-30643
-30643
-30575
-30575
-30565
-30565
-30557
-30557
-30539
-30449
-30449
-30423
-30297
-30295
-30291
-30291
-30255
-30255
-30185
-30185
-30167
-30167
-30129
-30129
-30089
-30025
-30025
-29985
-29985
-29943
-29925
-29881
-29749
-29749
-29745
-29741
-29703
-29703
-29689
-29607
-29595
-29595
-29559
-29531
-29531
-29451
-29451
-29439
-29355
-29315
-29297
-29297
-29271
-29229
-29229
-29209
-29209
-29183
-29115
-29115
-29085
-29085
-29021
-29021
-28977
-28943
-28943
-28933
-28905
-28905
-28877
-28877
-28849
-28795
-28671
-28603
-28603
-28595
-28575
-28567
-28523
-28445
-28445
-28389
-28311
-28245
-28245
-28163
-28143
-28143
-28125
-28105
-28105
-28083
-28083
-28011
-27987
-27987
-27933
-27913
-27861
-27861
-27837
-27833
-27833
-27751
-27731
-27727
-27723
-27723
-27715
-27715
-27631
-27631
-27629
-27629
-27603
-27559
-27559
-27533
-27533
-27529
-27519
-27501
-27431
-27431
-27401
-27397
-27397
-27395
-27393
-27393
-27381
-27365
-27293
-27293
-27195
-27121
-27121
-27089
-27061
-27061
-27005
-26957
-26935
-26935
-26925
-26919
-26919
-26841
-26815
-26815
-26805
-26703
-26703
-26511
-26487
-26487
-26309
-26309
-26299
-26257
-26257
-26229
-26169
-26169
-26155
-26155
-26143
-26121
-26013
-26013
-26007
-26005
-25973
-25973
-25931
-25919
-25861
-25831
-25831
-25825
-25813
-25775
-25775
-25737
-25681
-25681
-25555
-25537
-25537
-25523
-25523
-25511
-25483
-25457
-25313
-25291
-25291
-25275
-25271
-25261
-25185
-25185
-25109
-25031
-25027
-25027
-24919
-24915
-24915
-24891
-24891
-24887
-24881
-24869
-24851
-24851
-24823
-24755
-24755
-24703
-24695
-24661
-24661
-24571
-24571
-24561
-24547
-24547
-24501
-24483
-24483
-24451
-24449
-24449
-24439
-24365
-24123
-24111
-24069
-24069
-24001
-24001
-23837
-23805
-23749
-23639
-23521
-23471
-23471
-23315
-23235
-23235
-23225
-23225
-23221
-23221
-23217
-23115
-23075
-23055
-23055
-22977
-22783
-22771
-22757
-22725
-22725
-22629
-22629
-22589
-22589
-22581
-22463
-22381
-22381
-22381
-22347
-22343
-22335
-22335
-22335
-22285
-22235
-22073
-22027
-22027
-21967
-21967
-21951
-21945
-21945
-21939
-21939
-21887
-21887
-21881
-21847
-21839
-21839
-21839
-21765
-21733
-21679
-21531
-21505
-21447
-21419
-21419
-21419
-21303
-21247
-21247
-21243
-21133
-21133
-21079
-21079
-21005
-21005
-20973
-20973
-20949
-20949
-20929
-20927
-20927
-20847
-20841
-20797
-20795
-20795
-20657
-20625
-20625
-20579
-20579
-20563
-20563
-20537
-20481
-20453
-20445
-20421
-20393
-20393
-20341
-20341
-20337
-20337
-20283
-20227
-20197
-20191
-20125
-19953
-19953
-19945
-19883
-19883
-19841
-19805
-19661
-19661
-19653
-19635
-19631
-19631
-19559
-19559
-19555
-19555
-19423
-19423
-19385
-19333
-19313
-19141
-19133
-19105
-19105
-19031
-19031
-18961
-18959
-18947
-18947
-18907
-18801
-18801
-18749
-18749
-18651
-18591
-18545
-18517
-18503
-18503
-18471
-18431
-18423
-18423
-18387
-18335
-18271
-18259
-18259
-18249
-18249
-18233
-18233
-18205
-18205
-18203
-18185
-18133
-18023
-18023
-17951
-17887
-17887
-17853
-17853
-17761
-17729
-17729
-17679
-17679
-17671
-17651
-17601
-17589
-17589
-17559
-17541
-17491
-17491
-17469
-17469
-17443
-17413
-17323
-17323
-17313
-17069
-17003
-16879
-16771
-16733
-16733
-16727
-16727
-16727
-16727
-16657
-16657
-16653
-16653
-16651
-16595
-16473
-16441
-16433
-16433
-16419
-16419
-16375
-16363
-16311
-16311
-16285
-16247
-16235
-16197
-16197
-16189
-16189
-16175
-16175
-16171
-16169
-16169
-16121
-16121
-16013
-15971
-15913
-15893
-15893
-15813
-15813
-15783
-15731
-15731
-15681
-15627
-15627
-15617
-15587
-15587
-15505
-15489
-15487
-15315
-15315
-15261
-15205
-15187
-15141
-15105
-15021
-14977
-14949
-14855
-14855
-14827
-14827
-14739
-14663
-14495
-14389
-14389
-14341
-14341
-14335
-14201
-14201
-14117
-14117
-14089
-14013
-13931
-13877
-13849
-13817
-13761
-13761
-13757
-13743
-13651
-13651
-13403
-13397
-13331
-13207
-13207
-13181
-13181
-13047
-13047
-12985
-12985
-12887
-12887
-12883
-12831
-12793
-12793
-12623
-12623
-12623
-12623
-12533
-12525
-12481
-12481
-12307
-12283
-12185
-12185
-12183
-12183
-12103
-12103
-12089
-12089
-12077
-12059
-12059
-12017
-11899
-11855
-11839
-11815
-11815
-11783
-11783
-11725
-11699
-11679
-11679
-11679
-11679
-11675
-11667
-11581
-11581
-11497
-11327
-11327
-11207
-11127
-11067
-11041
-11041
-11013
-11013
-11009
-11009
-11005
-11005
-10959
-10907
-10907
-10771
-10771
-10737
-10665
-10665
-10651
-10651
-10633
-10605
-10605
-10595
-10565
-10529
-10467
-10467
-10455
-10439
-10419
-10419
-10403
-10363
-10363
-10303
-10303
-10227
-10227
-10215
-10183
-10179
-10135
-10023
-9977
-9839
-9839
-9837
-9837
-9807
-9735
-9735
-9719
-9699
-9599
-9599
-9591
-9553
-9553
-9547
-9547
-9515
-9437
-9279
-9257
-9237
-9233
-9173
-9173
-9161
-9161
-9043
-8949
-8949
-8939
-8939
-8799
-8799
-8665
-8627
-8589
-8589
-8575
-8575
-8571
-8571
-8553
-8427
-8423
-8423
-8393
-8393
-8357
-8261
-8261
-8251
-8195
-8161
-8161
-8151
-8141
-8141
-8133
-8133
-8109
-8109
-7927
-7877
-7729
-7729
-7723
-7659
-7539
-7525
-7507
-7493
-7493
-7477
-7471
-7459
-7459
-7319
-7267
-7267
-7197
-7157
-7157
-7081
-7073
-7035
-6989
-6923
-6923
-6897
-6861
-6861
-6857
-6857
-6757
-6757
-6755
-6749
-6717
-6717
-6649
-6561
-6561
-6561
-6543
-6543
-6531
-6507
-6497
-6473
-6473
-6437
-6437
-6393
-6375
-6347
-6347
-6345
-6285
-6275
-6193
-6175
-6051
-6023
-5985
-5947
-5947
-5933
-5933
-5725
-5663
-5663
-5643
-5627
-5627
-5479
-5475
-5459
-5391
-5391
-5357
-5357
-5295
-5287
-5287
-5245
-5231
-5231
-5197
-5175
-5099
-5075
-5071
-5049
-5049
-5049
-5049
-5043
-5043
-5011
-4981
-4933
-4933
-4925
-4925
-4895
-4883
-4883
-4773
-4773
-4761
-4761
-4671
-4667
-4575
-4575
-4445
-4437
-4409
-4409
-4143
-4143
-4115
-4107
-4033
-4033
-4013
-3921
-3921
-3841
-3841
-3757
-3757
-3741
-3741
-3737
-3577
-3577
-3517
-3517
-3497
-3483
-3483
-3469
-3469
-3449
-3415
-3411
-3411
-3403
-3397
-3315
-3315
-3267
-3221
-3147
-3139
-3119
-2977
-2917
-2917
-2841
-2841
-2789
-2789
-2747
-2747
-2721
-2721
-2691
-2691
-2633
-2555
-2555
-2513
-2511
-2501
-2495
-2495
-2489
-2481
-2247
-2221
-2221
-2219
-2173
-2127
-2085
-1997
-1985
-1985
-1921
-1921
-1889
-1889
-1883
-1883
-1805
-1789
-1789
-1789
-1785
-1725
-1721
-1715
-1715
-1685
-1685
-1661
-1631
-1631
-1621
-1603
-1521
-1513
-1493
-1493
-1475
-1463
-1463
-1433
-1433
-1413
-1359
-1359
-1267
-1247
-1211
-1211
-1189
-1167
-1147
-1129
-977
-975
-969
-969
-965
-965
-897
-897
-893
-893
-871
-829
-699
-685
-475
-429
-417
-413
-413
-385
-357
-357
-295
-257
-257
-239
-185
-185
-175
-165
-11
118
264
268
304
320
346
346
350
350
404
404
530
530
588
592
626
626
640
674
696
696
698
698
738
784
790
932
1024
1024
1086
1086
1088
1162
1162
1166
1166
1188
1234
1242
1266
1266
1328
1328
1352
1382
1432
1432
1446
1538
1554
1554
1560
1580
1598
1660
1704
1730
1730
1758
1766
1818
1824
1956
1980
2112
2200
2200
2244
2276
2362
2414
2460
2460
2466
2508
2508
2510
2546
2680
2680
2694
2702
2864
2878
2890
2996
2996
3024
3024
3048
3048
3094
3190
3190
3258
3258
3338
3370
3376
3388
3456
3486
3486
3494
3494
3520
3522
3522
3552
3664
3664
3736
3768
3772
3810
3810
3818
3822
3864
3864
3932
3934
4016
4064
4108
4270
4296
4296
4326
4326
4430
4430
4432
4432
4466
4466
4516
4516
4550
4550
4586
4586
4640
4656
4656
4728
4728
4772
4772
4810
4810
5012
5012
5096
5096
5130
5138
5142
5142
5200
5200
5322
5336
5370
5370
5442
5442
5450
5450
5466
5466
5500
5516
5516
5524
5524
5536
5536
5556
5556
5598
5598
5600
5600
5642
5642
5692
5692
5708
5714
5714
5748
5748
5762
5762
5798
5798
5802
5802
5876
5876
5932
6056
6084
6084
6212
6270
6270
6360
6362
6382
6402
6402
6492
6492
6494
6494
6540
6540
6582
6614
6614
6616
6744
6748
6802
6802
6802
6850
6964
7014
7118
7122
7122
7150
7150
7168
7172
7172
7204
7216
7314
7318
7318
7320
7320
7330
7330
7414
7450
7450
7556
7566
7708
7864
7880
7902
7986
8056
8056
8060
8118
8170
8348
8348
8350
8354
8432
8498
8606
8606
8638
8638
8642
8642
8762
8768
8788
8788
8836
8846
8856
9210
9222
9352
9402
9432
9432
9438
9446
9480
9488
9522
9522
9602
9602
9636
9636
9660
9660
9660
9674
9674
9684
9684
9698
9698
9702
9728
9728
9808
9808
9824
9824
9914
10132
10168
10198
10198
10230
10256
10334
10334
10390
10390
10446
10446
10484
10516
10516
10518
10518
10552
10552
10566
10566
10568
10568
10658
10658
10732
10746
10840
10840
10860
10908
10908
10944
10954
10954
11016
11016
11044
11044
11060
11060
11104
11104
11120
11132
11266
11266
11306
11346
11346
11348
11348
11352
11360
11360
11388
11388
11390
11390
11406
11574
11660
11748
12076
12108
12126
12126
12138
12140
12284
12330
12330
12356
12356
12392
12402
12426
12454
12488
12488
12536
12540
12706
12706
12730
12730
12850
12916
12916
12924
12960
12960
12976
13090
13160
13170
13170
13210
13214
13214
13234
13234
13238
13252
13266
13298
13324
13350
13374
13420
13428
13428
13432
13432
13478
13502
13504
13508
13606
13786
13786
13814
13838
13838
13908
13908
13908
13908
14008
14008
14122
14122
14130
14162
14162
14180
14194
14234
14234
14270
14278
14292
14350
14418
14418
14446
14502
14502
14526
14586
14586
14630
14754
14922
14922
14954
14954
14990
15036
15036
15042
15042
15100
15100
15150
15150
15188
15188
15228
15230
15230
15242
15242
15370
15440
15442
15442
15454
15494
15494
15500
15500
15542
15550
15614
15618
15618
15622
15744
15744
15834
15880
15880
15880
15880
15952
15954
15960
15998
15998
16018
16318
16326
16326
16330
16396
16446
16460
16460
16476
16488
16650
16650
16670
16670
16752
16818
16818
16864
16864
16910
17128
17188
17298
17310
17310
17312
17388
17392
17392
17450
17450
17486
17486
17546
17548
17584
17584
17666
17722
17722
17728
17794
17794
17794
17824
17894
17958
17958
18050
18050
18072
18124
18124
18180
18180
18180
18322
18398
18434
18486
18518
18524
18524
18574
18596
18596
18738
18756
18756
18904
18904
18938
18942
18958
19056
19084
19128
19128
19146
19146
19214
19302
19316
19316
19320
19320
19322
19358
19358
19360
19360
19362
19364
19390
19468
19500
19628
19628
19630
19694
19694
19744
19744
20058
20126
20192
20218
20232
20256
20322
20322
20452
20480
20486
20486
20496
20528
20528
20562
20562
20658
20658
20700
20700
20772
20772
20774
20774
20814
20840
20858
20892
20984
20984
21062
21084
21084
21100
21100
21306
21316
21320
21360
21360
21388
21470
21550
21626
21626
21648
21744
21748
21772
21772
21842
21872
21872
21932
21932
22056
22058
22122
22182
22202
22202
22248
22248
22276
22310
22380
22380
22438
22504
22544
22544
22658
22732
22732
22750
22784
22788
22788
22802
22802
22820
22900
22900
22912
22924
22942
23010
23044
23096
23142
23174
23174
23198
23254
23296
23296
23318
23382
23382
23390
23436
23436
23506
23526
23540
23642
23670
23672
23680
23680
23694
23704
23858
23886
23886
23898
23898
23908
23908
23952
23952
24016
24016
24040
24094
24102
24190
24190
24274
24276
24294
24296
24300
24378
24412
24418
24512
24548
24588
24588
24602
24672
24728
24778
24778
24818
24830
24840
24880
24880
24948
25084
25160
25160
25216
25216
25454
25454
25532
25538
25598
25598
25600
25600
25622
25642
25674
25680
25786
25786
25794
25818
25818
25836
25886
25898
25932
25932
25988
26048
26072
26229
26304
26304
26346
26346
26398
26398
26406
26406
26492
26492
26492
26504
26504
26548
26568
26642
26642
26678
26678
26698
26698
26712
26712
26716
26748
26880
26914
26914
27048
27048
27054
27068
27122
27122
27148
27148
27152
27152
27236
27236
27288
27306
27362
27362
27398
27398
27444
27444
27444
27478
27496
27496
27516
27596
27600
27600
27604
27616
27654
27654
27792
27792
27808
27820
27820
27886
27886
27920
28020
28020
28026
28062
28062
28094
28126
28294
28294
28302
28302
28344
28344
28362
28362
28464
28464
28536
28536
28568
28568
28582
28600
28600
28640
28640
28662
28662
28704
28732
28758
28758
28764
28814
28814
28930
28990
29008
29042
29042
29058
29296
29326
29372
29388
29448
29448
29452
29514
29514
29528
29646
29646
29652
29660
29688
29688
29690
29690
29710
29710
29766
29782
29782
29784
29784
29816
29846
29846
29898
29898
29972
30042
30218
30228
30228
30276
30276
30394
30394
30484
30640
30642
30646
30812
30864
30864
30912
30912
30912
30944
30944
31014
31014
31080
31080
31288
31334
31400
31418
31452
31452
31454
31454
31470
31470
31482
31482
31502
31502
31532
31532
31540
31602
31602
31616
31616
31634
31670
31676
31686
31700
31700
31736
31742
31742
31748
31790
31790
31858
31888
31898
31956
31956
32028
32028
32158
32186
32186
32288
32288
32316
32358
32402
32412
32506
32528
32572
32632
32632
32728
32728
32742
