-32743
-32707
-32545
-32515
-32515
-32477
-32463
-32427
-32389
-32389
-32321
-31943
-31891
-31617
-31617
-31595
-31569
-31569
-31539
-31319
-31319
-31313
-31173
-30871
-30871
-30735
-30735
-30679
-30679
-30525
-30525
-30423
-30381
-30381
-30195
-30195
-30117
-30117
-29925
-29881
-29699
-29699
-29675
-29675
-29559
-29439
-29401
-29401
-29355
-29211
-29211
-29183
-29097
-29097
-28977
-28933
-28925
-28925
-28919
-28919
-28887
-28887
-28733
-28733
-28671
-28671
-28595
-28587
-28587
-28567
-28553
-28553
-28549
-28549
-28275
-28163
-28125
-27953
-27953
-27933
-27837
-27751
-27601
-27601
-27567
-27567
-27519
-27401
-27401
-27325
-26957
-26925
-26877
-26877
-26841
-26689
-26689
-26511
-26401
-26401
-26155
-26155
-26143
-26113
-26005
-25931
-25927
-25927
-25861
-25861
-25825
-25813
-25737
-25511
-25511
-25271
-25083
-25083
-25031
-24919
-24695
-24561
-24547
-24547
-24501
-24451
-24295
-24183
-24183
-24111
-23837
-23805
-23749
-23727
-23727
-23685
-23641
-23641
-23521
-23315
-23315
-23311
-23311
-23115
-23079
-23079
-23075
-23009
-23009
-22977
-22901
-22901
-22829
-22829
-22783
-22783
-22757
-22735
-22735
-22691
-22619
-22619
-22439
-22439
-22417
-22417
-22347
-22343
-22167
-22167
-21847
-21839
-21839
-21765
-21747
-21747
-21631
-21617
-21617
-21551
-21551
-21531
-21505
-21419
-21303
-21303
-21187
-21187
-21121
-21121
-20987
-20987
-20961
-20961
-20929
-20847
-20841
-20797
-20657
-20537
-20521
-20521
-20481
-20445
-20421
-20227
-20197
-20191
-20191
-20161
-20161
-19805
-19713
-19713
-19559
-19559
-19521
-19521
-19313
-19259
-19141
-18961
-18959
-18907
-18885
-18885
-18649
-18649
-18545
-18517
-18471
-18387
-18387
-18335
-18335
-18335
-18271
-18185
-18133
-18133
-18127
-18127
-17761
-17715
-17715
-17671
-17651
-17601
-17559
-17541
-17413
-17413
-17313
-17271
-17271
-17055
-17003
-17003
-16879
-16859
-16859
-16835
-16835
-16791
-16791
-16523
-16523
-16473
-16363
-16309
-16309
-16013
-15923
-15923
-15819
-15819
-15681
-15617
-15371
-15105
-15021
-14865
-14865
-14663
-14607
-14607
-14495
-14313
-14089
-13817
-13817
-13757
-13709
-13709
-13605
-13605
-13595
-13595
-13489
-13489
-13403
-13331
-13235
-13235
-13197
-12883
-12839
-12839
-12831
-12643
-12643
-12533
-12525
-12491
-12491
-12443
-12443
-12425
-12425
-12283
-12183
-12121
-12121
-12077
-12017
-11883
-11883
-11855
-11855
-11855
-11855
-11839
-11697
-11697
-11667
-11493
-11493
-11465
-11427
-11405
-11405
-11221
-11127
-10877
-10877
-10731
-10731
-10709
-10709
-10675
-10675
-10633
-10605
-10595
-10565
-10497
-10497
-10455
-10439
-10439
-10205
-10205
-10005
-10005
-9807
-9719
-9425
-9425
-9283
-9283
-9257
-9233
-9043
-8983
-8983
-8665
-8627
-8401
-8401
-8359
-8359
-8337
-8333
-8333
-8307
-8307
-8251
-8251
-8195
-8195
-8011
-8011
-7927
-7877
-7723
-7539
-7533
-7533
-7525
-7525
-7431
-7431
-7319
-7081
-7081
-7073
-7035
-6949
-6949
-6941
-6941
-6843
-6843
-6783
-6749
-6739
-6739
-6715
-6715
-6531
-6497
-6435
-6435
-6193
-6051
-6049
-6023
-5963
-5963
-5813
-5813
-5643
-5643
-5475
-5439
-5439
-5245
-5245
-5175
-5151
-5125
-5125
-5099
-5099
-5071
-4945
-4945
-4895
-4887
-4887
-4823
-4687
-4671
-4197
-4197
-4151
-4115
-4107
-3789
-3789
-3737
-3649
-3649
-3461
-3461
-3415
-3403
-3403
-3397
-3267
-3221
-3147
-2511
-2501
-2481
-2295
-2295
-2127
-2119
-2083
-2083
-2075
-1993
-1805
-1725
-1685
-1685
-1661
-1661
-1621
-1621
-1513
-1475
-1413
-1267
-1247
-1189
-1167
-1129
-975
-931
-829
-685
-581
-581
-417
-385
-383
-383
-239
-215
-215
-175
-97
-97
5
118
304
304
320
592
738
784
790
870
870
932
1012
1012
1088
1122
1122
1234
1242
1288
1288
1376
1376
1382
1458
1458
1478
1520
1520
1538
1554
1554
1560
1570
1570
1580
1704
1766
1788
1788
1818
1824
1956
1980
2112
2244
2244
2276
2366
2414
2466
2478
2478
2484
2510
2634
2634
2702
2864
2864
2894
2894
3038
3038
3072
3072
3088
3088
3094
3338
3370
3376
3388
3456
3520
3718
3718
3736
3768
3778
3778
3822
3932
3934
4064
4088
4088
4270
4346
4346
4640
4684
4684
4772
4814
4814
5054
5054
5130
5138
5220
5238
5238
5256
5256
5322
5364
5364
5500
5932
6112
6112
6212
6360
6382
6440
6440
6548
6548
6582
6616
6616
6744
6744
6744
6748
6752
6752
6850
6964
6988
6988
7006
7080
7080
7118
7216
7216
7414
7880
7986
8060
8296
8296
8314
8314
8354
8432
8724
8724
8748
8748
8762
8846
8916
8916
8940
8940
9228
9352
9438
9488
9702
9754
9754
9836
9836
9900
9900
9914
10046
10046
10120
10120
10146
10146
10168
10168
10230
10308
10308
10440
10440
10446
10446
10484
10728
10728
10746
10760
10760
10770
10802
10830
10860
10944
11120
11132
11306
11306
11352
11660
11674
11674
11748
11930
11930
12016
12016
12038
12038
12076
12156
12156
12284
12426
12454
12454
12540
12680
12680
12850
12924
12976
12976
13072
13252
13298
13298
13324
13374
13420
13420
13478
13504
13508
13632
13632
13672
13672
13730
13730
13924
13924
14194
14270
14292
14350
14446
14630
14802
14802
14816
14816
14990
15228
15370
15382
15382
15524
15542
15542
15550
15622
15622
15954
16018
16232
16232
16318
16330
16388
16388
16396
16446
16446
16488
16910
16968
16968
17116
17116
17128
17188
17208
17208
17298
17388
17468
17468
17548
17666
17764
17764
17824
17890
17890
17942
18062
18062
18072
18158
18158
18180
18236
18236
18322
18434
18486
18518
18864
18920
18920
18942
19060
19060
19214
19302
19322
19364
19364
19442
19468
19500
19500
19630
19886
19886
19914
19914
19992
19992
20058
20218
20218
20464
20464
20730
20730
20840
20892
21254
21316
21320
21388
21388
21470
21482
21482
21638
21638
21796
21796
21846
21846
21934
21934
22056
22056
22058
22182
22198
22198
22438
22646
22646
22658
22784
22820
22820
22924
22942
22942
23142
23168
23168
23198
23254
23318
23434
23434
23506
23526
23550
23646
23670
23670
23672
23858
24040
24198
24198
24274
24274
24294
24296
24330
24412
24418
24452
24452
24512
24524
24524
24548
24672
24672
24728
24728
24830
24840
24942
24942
25532
25538
25642
25680
25836
25886
26024
26024
26048
26338
26338
26492
26518
26518
26586
26586
26648
26648
26716
26716
26730
26730
26852
27478
27616
27648
27648
27808
28070
28070
28136
28136
28366
28366
28448
28448
28582
28694
28694
28696
28732
28762
28762
28764
29002
29002
29250
29250
29358
29358
29372
29528
29648
29906
29906
29972
30042
30214
30218
30274
30274
30388
30388
30642
30696
30696
30912
31210
31210
31400
31540
31540
31558
31558
31564
31564
31670
31674
31674
31676
31676
31686
31748
31748
31748
31858
32140
32140
32158
32316
32358
32402
32402
32420
32420
32742
