32742
32420
32420
32402
32402
32358
32316
32158
32140
32140
31858
31748
31748
31748
31686
31676
31676
31674
31674
31670
31564
31564
31558
31558
31540
31540
31400
31210
31210
30912
30696
30696
30642
30388
30388
30274
30274
30218
30214
30042
29972
29906
29906
29648
29528
29372
29358
29358
29250
29250
29002
29002
28764
28762
28762
28732
28696
28694
28694
28582
28448
28448
28366
28366
28136
28136
28070
28070
27808
27648
27648
27616
27478
26852
26730
26730
26716
26716
26648
26648
26586
26586
26518
26518
26492
26338
26338
26048
26024
26024
25886
25836
25680
25642
25538
25532
24942
24942
24840
24830
24728
24728
24672
24672
24548
24524
24524
24512
24452
24452
24418
24412
24330
24296
24294
24274
24274
24198
24198
24040
23858
23672
23670
23670
23646
23550
23526
23506
23434
23434
23318
23254
23198
23168
23168
23142
22942
22942
22924
22820
22820
22784
22658
22646
22646
22438
22198
22198
22182
22058
22056
22056
21934
21934
21846
21846
21796
21796
21638
21638
21482
21482
21470
21388
21388
21320
21316
21254
20892
20840
20730
20730
20464
20464
20218
20218
20058
19992
19992
19914
19914
19886
19886
19630
19500
19500
19468
19442
19364
19364
19322
19302
19214
19060
19060
18942
18920
18920
18864
18518
18486
18434
18322
18236
18236
18180
18158
18158
18072
18062
18062
17942
17890
17890
17824
17764
17764
17666
17548
17468
17468
17388
17298
17208
17208
17188
17128
17116
17116
16968
16968
16910
16488
16446
16446
16396
16388
16388
16330
16318
16232
16232
16018
15954
15622
15622
15550
15542
15542
15524
15382
15382
15370
15228
14990
14816
14816
14802
14802
14630
14446
14350
14292
14270
14194
13924
13924
13730
13730
13672
13672
13632
13632
13508
13504
13478
13420
13420
13374
13324
13298
13298
13252
13072
12976
12976
12924
12850
12680
12680
12540
12454
12454
12426
12284
12156
12156
12076
12038
12038
12016
12016
11930
11930
11748
11674
11674
11660
11352
11306
11306
11132
11120
10944
10860
10830
10802
10770
10760
10760
10746
10728
10728
10484
10446
10446
10440
10440
10308
10308
10230
10168
10168
10146
10146
10120
10120
10046
10046
9914
9900
9900
9836
9836
9754
9754
9702
9488
9438
9352
9228
8940
8940
8916
8916
8846
8762
8748
8748
8724
8724
8432
8354
8314
8314
8296
8296
8060
7986
7880
7414
7216
7216
7118
7080
7080
7006
6988
6988
6964
6850
6752
6752
6748
6744
6744
6744
6616
6616
6582
6548
6548
6440
6440
6382
6360
6212
6112
6112
5932
5500
5364
5364
5322
5256
5256
5238
5238
5220
5138
5130
5054
5054
4814
4814
4772
4684
4684
4640
4346
4346
4270
4088
4088
4064
3934
3932
3822
3778
3778
3768
3736
3718
3718
3520
3456
3388
3376
3370
3338
3094
3088
3088
3072
3072
3038
3038
2894
2894
2864
2864
2702
2634
2634
2510
2484
2478
2478
2466
2414
2366
2276
2244
2244
2112
1980
1956
1824
1818
1788
1788
1766
1704
1580
1570
1570
1560
1554
1554
1538
1520
1520
1478
1458
1458
1382
1376
1376
1288
1288
1242
1234
1122
1122
1088
1012
1012
932
870
870
790
784
738
592
320
304
304
118
5
-97
-97
-175
-215
-215
-239
-383
-383
-385
-417
-581
-581
-685
-829
-931
-975
-1129
-1167
-1189
-1247
-1267
-1413
-1475
-1513
-1621
-1621
-1661
-1661
-1685
-1685
-1725
-1805
-1993
-2075
-2083
-2083
-2119
-2127
-2295
-2295
-2481
-2501
-2511
-3147
-3221
-3267
-3397
-3403
-3403
-3415
-3461
-3461
-3649
-3649
-3737
-3789
-3789
-4107
-4115
-4151
-4197
-4197
-4671
-4687
-4823
-4887
-4887
-4895
-4945
-4945
-5071
-5099
-5099
-5125
-5125
-5151
-5175
-5245
-5245
-5439
-5439
-5475
-5643
-5643
-5813
-5813
-5963
-5963
-6023
-6049
-6051
-6193
-6435
-6435
-6497
-6531
-6715
-6715
-6739
-6739
-6749
-6783
-6843
-6843
-6941
-6941
-6949
-6949
-7035
-7073
-7081
-7081
-7319
-7431
-7431
-7525
-7525
-7533
-7533
-7539
-7723
-7877
-7927
-8011
-8011
-8195
-8195
-8251
-8251
-8307
-8307
-8333
-8333
-8337
-8359
-8359
-8401
-8401
-8627
-8665
-8983
-8983
-9043
-9233
-9257
-9283
-9283
-9425
-9425
-9719
-9807
-10005
-10005
-10205
-10205
-10439
-10439
-10455
-10497
-10497
-10565
-10595
-10605
-10633
-10675
-10675
-10709
-10709
-10731
-10731
-10877
-10877
-11127
-11221
-11405
-11405
-11427
-11465
-11493
-11493
-11667
-11697
-11697
-11839
-11855
-11855
-11855
-11855
-11883
-11883
-12017
-12077
-12121
-12121
-12183
-12283
-12425
-12425
-12443
-12443
-12491
-12491
-12525
-12533
-12643
-12643
-12831
-12839
-12839
-12883
-13197
-13235
-13235
-13331
-13403
-13489
-13489
-13595
-13595
-13605
-13605
-13709
-13709
-13757
-13817
-13817
-14089
-14313
-14495
-14607
-14607
-14663
-14865
-14865
-15021
-15105
-15371
-15617
-15681
-15819
-15819
-15923
-15923
-16013
-16309
-16309
-16363
-16473
-16523
-16523
-16791
-16791
-16835
-16835
-16859
-16859
-16879
-17003
-17003
-17055
-17271
-17271
-17313
-17413
-17413
-17541
-17559
-17601
-17651
-17671
-17715
-17715
-17761
-18127
-18127
-18133
-18133
-18185
-18271
-18335
-18335
-18335
-18387
-18387
-18471
-18517
-18545
-18649
-18649
-18885
-18885
-18907
-18959
-18961
-19141
-19259
-19313
-19521
-19521
-19559
-19559
-19713
-19713
-19805
-20161
-20161
-20191
-20191
-20197
-20227
-20421
-20445
-20481
-20521
-20521
-20537
-20657
-20797
-20841
-20847
-20929
-20961
-20961
-20987
-20987
-21121
-21121
-21187
-21187
-21303
-21303
-21419
-21505
-21531
-21551
-21551
-21617
-21617
-21631
-21747
-21747
-21765
-21839
-21839
-21847
-22167
-22167
-22343
-22347
-22417
-22417
-22439
-22439
-22619
-22619
-22691
-22735
-22735
-22757
-22783
-22783
-22829
-22829
-22901
-22901
-22977
-23009
-23009
-23075
-23079
-23079
-23115
-23311
-23311
-23315
-23315
-23521
-23641
-23641
-23685
-23727
-23727
-23749
-23805
-23837
-24111
-24183
-24183
-24295
-24451
-24501
-24547
-24547
-24561
-24695
-24919
-25031
-25083
-25083
-25271
-25511
-25511
-25737
-25813
-25825
-25861
-25861
-25927
-25927
-25931
-26005
-26113
-26143
-26155
-26155
-26401
-26401
-26511
-26689
-26689
-26841
-26877
-26877
-26925
-26957
-27325
-27401
-27401
-27519
-27567
-27567
-27601
-27601
-27751
-27837
-27933
-27953
-27953
-28125
-28163
-28275
-28549
-28549
-28553
-28553
-28567
-28587
-28587
-28595
-28671
-28671
-28733
-28733
-28887
-28887
-28919
-28919
-28925
-28925
-28933
-28977
-29097
-29097
-29183
-29211
-29211
-29355
-29401
-29401
-29439
-29559
-29675
-29675
-29699
-29699
-29881
-29925
-30117
-30117
-30195
-30195
-30381
-30381
-30423
-30525
-30525
-30679
-30679
-30735
-30735
-30871
-30871
-31173
-31313
-31319
-31319
-31539
-31569
-31569
-31595
-31617
-31617
-31891
-31943
-32321
-32389
-32389
-32427
-32463
-32477
-32515
-32515
-32545
-32707
-32743
