31256
31060
30680
30396
30382
30264
30036
29978
29616
29506
28444
27898
27546
27502
23892
23058
22340
21256
20014
19822
19642
19488
18864
18144
18038
17084
16880
16620
16324
16214
15740
15358
15230
14654
14486
14380
13946
12484
11742
11722
11282
10868
10766
10554
10524
10310
10240
9584
9244
8904
8740
8690
7876
7640
7346
6954
6948
6476
6284
6008
5656
5492
4448
3880
3488
3424
3280
2292
2288
2142
1136
124
-701
-1711
-1719
-1873
-1953
-3381
-3459
-3583
-5149
-6549
-6683
-6755
-8211
-9463
-9797
-11109
-11217
-12075
-13021
-13905
-13945
-14455
-14983
-15053
-15753
-16717
-16791
-18837
-19451
-19481
-20249
-20879
-21189
-22679
-23063
-23151
-23245
-24267
-25439
-25841
-26053
-26091
-26155
-26443
-26667
-26783
-27245
-27949
-29351
-29929
-30655
-31053
-31453
-31987
-32169
-32429
