32420
32402
32182
32140
31806
31748
31712
31564
31558
31334
31320
31256
31060
30696
30680
30396
30388
30382
30264
30214
30080
30036
29978
29906
29648
29616
29506
29484
29300
29244
29002
28762
28696
28444
27922
27908
27898
27594
27550
27546
27502
27476
27380
27280
26852
26734
26730
26648
26586
26518
26338
26024
25938
24802
24542
24524
24452
24330
24198
23892
23768
23646
23550
23490
23434
23416
23322
23058
22340
22198
21846
21840
21638
21528
21482
21256
21254
21200
20730
20464
20328
20014
19992
19822
19642
19624
19488
19442
19296
18864
18864
18384
18158
18144
18038
18018
18010
17942
17890
17764
17762
17562
17468
17208
17134
17116
17084
17010
16968
16880
16864
16620
16388
16324
16280
16232
16214
16122
15740
15524
15482
15358
15230
15130
15086
14948
14816
14654
14486
14380
14190
14098
14094
13946
13730
13654
13632
13072
13040
12680
12602
12484
12406
12404
12156
12038
12016
11930
11778
11742
11722
11282
10868
10830
10802
10770
10766
10760
10728
10554
10524
10470
10440
10310
10308
10240
10240
10176
10022
9900
9836
9754
9622
9584
9244
9228
9072
8904
8784
8748
8740
8690
8296
7876
7640
7366
7346
7220
7006
6988
6954
6948
6774
6744
6722
6548
6476
6284
6244
6112
6008
5904
5656
5492
5256
5230
5220
4798
4772
4684
4448
4346
4088
4066
3944
3880
3718
3546
3488
3424
3354
3280
3088
3072
2952
2924
2894
2634
2484
2478
2366
2292
2288
2260
2142
1788
1554
1520
1478
1458
1148
1136
1126
1012
912
870
628
536
520
124
-97
-701
-775
-931
-977
-1151
-1689
-1711
-1719
-1857
-1873
-1953
-1993
-2075
-2083
-2119
-2147
-2375
-2405
-2795
-3229
-3381
-3459
-3461
-3499
-3583
-3649
-3651
-4151
-4535
-4687
-4823
-4945
-5027
-5125
-5149
-5151
-5439
-5517
-5537
-5575
-5813
-6049
-6549
-6683
-6715
-6739
-6755
-6783
-6941
-6941
-6949
-7297
-7303
-7457
-7533
-7563
-7801
-8011
-8211
-8265
-8307
-8313
-8337
-8359
-8401
-8983
-9175
-9425
-9463
-9501
-9525
-9797
-10005
-10177
-10205
-10439
-10497
-10675
-10731
-10931
-11109
-11217
-11221
-11239
-11371
-11405
-11427
-11465
-11697
-12075
-12121
-12443
-13021
-13035
-13197
-13235
-13489
-13605
-13709
-13813
-13905
-13945
-14029
-14167
-14313
-14375
-14455
-14483
-14607
-14911
-14983
-15053
-15117
-15371
-15447
-15593
-15753
-15819
-15923
-16039
-16333
-16377
-16415
-16523
-16717
-16791
-16791
-16859
-16985
-17055
-17055
-17271
-17273
-17605
-17779
-17821
-18133
-18335
-18529
-18649
-18809
-18837
-18885
-19259
-19443
-19451
-19481
-19559
-19675
-19713
-20135
-20249
-20521
-20879
-20961
-20987
-21085
-21121
-21189
-21235
-21495
-21571
-21617
-21631
-21691
-21747
-22015
-22417
-22441
-22619
-22655
-22679
-22691
-22735
-22787
-23009
-23063
-23079
-23151
-23245
-23311
-23641
-23685
-23727
-24013
-24071
-24183
-24267
-24295
-24425
-24441
-24481
-24547
-24873
-25179
-25439
-25511
-25527
-25537
-25681
-25841
-25987
-26053
-26091
-26113
-26155
-26443
-26599
-26667
-26689
-26755
-26783
-27217
-27245
-27325
-27601
-27845
-27949
-27953
-28213
-28225
-28275
-28549
-28553
-28733
-28919
-28925
-28977
-29097
-29125
-29211
-29213
-29351
-29401
-29675
-29699
-29929
-30089
-30525
-30655
-30679
-30735
-30871
-31053
-31265
-31407
-31453
-31569
-31725
-31759
-31895
-31987
-32017
-32169
-32179
-32375
-32389
-32429
-32463
-32707
-32733
