32766
32762
32756
32746
32744
32742
32742
32728
32728
32726
32714
32704
32702
32698
32656
32632
32620
32616
32604
32604
32600
32572
32570
32546
32546
32532
32528
32526
32526
32506
32500
32484
32482
32482
32482
32482
32446
32434
32432
32424
32412
32412
32410
32410
32406
32402
32402
32400
32398
32396
32386
32382
32364
32358
32316
32316
32314
32294
32288
32284
32284
32274
32274
32270
32270
32264
32254
32250
32250
32244
32238
32226
32226
32216
32196
32186
32178
32168
32168
32164
32164
32164
32160
32158
32142
32140
32132
32120
32112
32112
32108
32100
32094
32088
32054
32048
32048
32048
32040
32038
32028
32028
32024
32024
32008
31998
31982
31974
31966
31962
31956
31956
31948
31942
31940
31934
31928
31916
31910
31898
31888
31884
31880
31880
31858
31854
31836
31826
31812
31790
31790
31780
31776
31774
31774
31774
31760
31748
31746
31742
31742
31738
31738
31738
31736
31734
31734
31734
31726
31722
31720
31716
31714
31714
31712
31708
31708
31700
31690
31686
31684
31676
31674
31670
31664
31634
31634
31618
31616
31602
31602
31596
31594
31590
31586
31584
31584
31580
31566
31540
31532
31514
31508
31504
31502
31484
31482
31474
31474
31470
31470
31464
31454
31452
31430
31424
31418
31418
31410
31400
31366
31360
31358
31342
31334
31318
31292
31290
31288
31288
31288
31284
31284
31260
31258
31254
31254
31252
31252
31220
31212
31210
31168
31144
31126
31120
31088
31086
31080
31068
31052
31050
31046
31030
31030
31014
31010
30988
30988
30986
30982
30982
30962
30962
30956
30956
30944
30942
30938
30930
30920
30916
30912
30912
30910
30900
30898
30870
30866
30864
30844
30832
30826
30820
30812
30804
30804
30804
30792
30790
30784
30784
30784
30752
30750
30750
30742
30724
30722
30716
30704
30704
30704
30704
30698
30684
30678
30652
30652
30646
30644
30642
30640
30636
30632
30616
30606
30574
30554
30550
30546
30518
30500
30500
30486
30484
30472
30446
30438
30438
30432
30428
30398
30394
30360
30344
30304
30276
30276
30274
30264
30238
30228
30218
30216
30216
30210
30206
30200
30194
30178
30178
30170
30166
30156
30152
30152
30144
30120
30108
30100
30070
30068
30068
30054
30048
30042
30040
30032
30024
30008
29996
29996
29976
29972
29964
29954
29928
29912
29906
29898
29894
29894
29882
29862
29850
29846
29838
29834
29834
29822
29818
29818
29816
29816
29810
29806
29806
29802
29784
29782
29772
29766
29766
29760
29752
29752
29750
29748
29744
29738
29736
29722
29720
29720
29716
29710
29692
29690
29688
29686
29672
29672
29670
29670
29660
29652
29652
29652
29648
29646
29640
29634
29626
29606
29574
29572
29562
29528
29528
29520
29514
29510
29484
29480
29478
29470
29452
29448
29442
29440
29440
29438
29426
29406
29402
29398
29392
29388
29372
29358
29344
29330
29328
29326
29320
29318
29314
29310
29310
29310
29296
29278
29262
29262
29258
29258
29254
29254
29250
29246
29238
29236
29232
29222
29208
29188
29178
29166
29134
29126
29126
29090
29076
29058
29042
29040
29040
29020
29008
29008
28998
28990
28960
28952
28930
28908
28908
28880
28878
28874
28836
28814
28792
28764
28758
28756
28736
28732
28732
28732
28722
28714
28704
28694
28674
28666
28666
28662
28640
28636
28624
28624
28600
28592
28582
28568
28560
28536
28530
28522
28514
28508
28486
28472
28464
28450
28448
28440
28428
28420
28418
28396
28366
28364
28362
28356
28344
28344
28324
28304
28302
28298
28294
28266
28244
28240
28232
28232
28226
28218
28208
28188
28182
28176
28176
28162
28162
28136
28132
28132
28126
28122
28112
28102
28096
28094
28092
28090
28084
28082
28070
28062
28036
28026
28020
28004
28004
27980
27966
27966
27962
27952
27930
27924
27920
27908
27890
27886
27876
27870
27866
27862
27844
27820
27808
27792
27786
27778
27766
27766
27752
27752
27738
27736
27728
27702
27662
27654
27648
27638
27630
27616
27614
27604
27604
27600
27600
27600
27600
27596
27596
27590
27588
27584
27566
27554
27516
27514
27512
27496
27494
27478
27458
27456
27452
27448
27448
27444
27444
27444
27440
27412
27404
27398
27396
27376
27372
27372
27366
27362
27362
27362
27354
27346
27336
27316
27312
27308
27306
27306
27298
27298
27298
27288
27284
27272
27264
27238
27236
27234
27232
27230
27224
27216
27206
27196
27182
27166
27152
27148
27138
27138
27132
27124
27122
27092
27068
27056
27056
27054
27054
27050
27048
27036
27034
27028
27028
27024
27020
27016
27002
26998
26996
26990
26990
26962
26958
26958
26930
26916
26916
26914
26910
26906
26904
26900
26898
26892
26888
26888
26880
26878
26874
26870
26826
26816
26810
26798
26762
26758
26748
26748
26744
26718
26718
26716
26712
26698
26698
26678
26676
26668
26648
26642
26642
26640
26610
26600
26590
26586
26584
26580
26580
26568
26548
26536
26534
26534
26534
26526
26522
26514
26504
26500
26492
26492
26490
26468
26452
26438
26438
26406
26402
26398
26394
26356
26352
26346
26342
26340
26312
26304
26302
26286
26284
26272
26266
26264
26260
26250
26246
26244
26220
26214
26210
26208
26202
26190
26188
26160
26134
26124
26124
26122
26120
26108
26102
26092
26092
26082
26080
26072
26072
26064
26064
26056
26054
26048
26048
26046
26042
26042
26034
26026
26024
26000
25992
25988
25984
25970
25968
25966
25962
25952
25948
25946
25938
25932
25918
25898
25886
25878
25866
25856
25856
25844
25836
25830
25826
25822
25820
25818
25818
25814
25802
25794
25790
25786
25766
25764
25758
25752
25748
25744
25728
25718
25716
25714
25714
25698
25696
25680
25678
25674
25660
25652
25648
25642
25636
25632
25630
25622
25604
25600
25600
25598
25590
25570
25564
25558
25538
25532
25532
25484
25454
25454
25444
25438
25436
25432
25416
25354
25334
25310
25304
25300
25300
25300
25298
25294
25282
25282
25272
25270
25252
25244
25236
25224
25216
25216
25212
25202
25166
25160
25158
25158
25154
25146
25144
25122
25114
25090
25084
25080
25076
25064
25064
25048
25038
25032
25002
24958
24956
24952
24948
24942
24928
24924
24918
24904
24902
24902
24880
24878
24876
24868
24868
24856
24852
24840
24832
24830
24824
24818
24786
24786
24782
24778
24778
24776
24770
24750
24742
24728
24718
24718
24710
24700
24700
24694
24672
24670
24668
24640
24638
24628
24628
24610
24608
24602
24592
24588
24588
24584
24584
24580
24578
24570
24548
24524
24516
24512
24512
24502
24502
24500
24494
24484
24484
24484
24478
24476
24438
24418
24414
24414
24412
24398
24394
24394
24380
24378
24376
24336
24334
24326
24318
24312
24300
24296
24294
24288
24288
24276
24276
24274
24270
24262
24252
24250
24250
24248
24244
24238
24222
24222
24218
24206
24200
24190
24182
24176
24162
24134
24134
24132
24126
24124
24102
24098
24094
24060
24040
24016
23998
23982
23980
23974
23952
23944
23944
23908
23908
23900
23898
23890
23886
23858
23856
23830
23824
23816
23808
23800
23796
23792
23790
23784
23754
23744
23744
23732
23730
23710
23706
23704
23694
23694
23680
23672
23670
23642
23634
23608
23594
23594
23584
23564
23564
23560
23556
23556
23544
23540
23534
23526
23520
23506
23492
23486
23482
23482
23480
23472
23468
23456
23456
23436
23434
23434
23412
23406
23406
23390
23390
23382
23382
23378
23362
23352
23352
23336
23318
23316
23312
23302
23298
23296
23296
23292
23292
23280
23270
23254
23252
23244
23236
23234
23230
23228
23210
23208
23198
23180
23174
23168
23154
23146
23144
23142
23112
23096
23090
23068
23058
23056
23056
23044
23026
23022
23010
22994
22974
22964
22962
22960
22950
22944
22942
22932
22932
22924
22922
22918
22912
22906
22904
22902
22900
22870
22860
22858
22850
22844
22844
22828
22824
22820
22820
22810
22804
22802
22792
22792
22788
22784
22772
22764
22754
22754
22754
22750
22746
22736
22736
22734
22734
22734
22732
22720
22720
22716
22708
22708
22686
22672
22658
22650
22646
22640
22640
22594
22574
22558
22554
22544
22542
22532
22520
22504
22502
22482
22472
22456
22454
22446
22438
22436
22434
22424
22420
22412
22396
22382
22380
22372
22352
22348
22344
22344
22334
22334
22310
22304
22302
22288
22276
22262
22252
22252
22248
22238
22232
22230
22230
22208
22206
22202
22192
22192
22186
22182
22180
22172
22158
22122
22116
22112
22086
22086
22082
22078
22058
22056
22056
22050
22050
22046
22028
22028
22024
22004
21990
21990
21990
21980
21972
21972
21968
21958
21942
21934
21932
21922
21914
21876
21872
21864
21842
21842
21838
21832
21814
21802
21796
21772
21772
21768
21764
21748
21744
21738
21738
21726
21712
21702
21698
21682
21676
21676
21672
21658
21656
21648
21640
21638
21636
21626
21558
21550
21550
21546
21538
21538
21538
21538
21528
21524
21518
21494
21486
21482
21476
21470
21470
21464
21448
21448
21438
21432
21408
21404
21400
21388
21380
21380
21362
21362
21360
21358
21356
21356
21352
21348
21346
21344
21338
21322
21320
21316
21314
21310
21306
21304
21294
21294
21256
21254
21240
21226
21216
21214
21208
21188
21188
21188
21188
21188
21178
21176
21158
21138
21130
21124
21112
21100
21098
21084
21084
21082
21082
21072
21062
21014
21014
20992
20984
20970
20954
20944
20942
20940
20930
20922
20916
20894
20892
20866
20858
20852
20840
20834
20834
20822
20822
20822
20820
20818
20818
20816
20814
20790
20778
20774
20772
20768
20734
20732
20732
20724
20724
20708
20700
20700
20672
20658
20656
20636
20630
20630
20618
20616
20600
20580
20576
20568
20566
20566
20566
20562
20542
20530
20528
20518
20506
20504
20498
20496
20486
20484
20482
20480
20478
20452
20452
20450
20434
20434
20432
20428
20404
20404
20400
20386
20348
20340
20328
20322
20322
20318
20302
20294
20264
20256
20256
20248
20242
20240
20232
20224
20220
20218
20210
20198
20192
20192
20186
20180
20168
20138
20126
20108
20094
20068
20058
20048
20022
20018
20010
20010
20006
19996
19996
19992
19978
19960
19960
19956
19942
19914
19886
19872
19866
19866
19866
19824
19812
19812
19804
19784
19778
19766
19764
19760
19760
19748
19744
19704
19702
19696
19694
19672
19670
19630
19628
19626
19618
19558
19550
19542
19536
19528
19504
19500
19500
19496
19492
19492
19488
19488
19474
19468
19466
19466
19452
19450
19416
19402
19390
19378
19364
19362
19360
19358
19326
19326
19322
19320
19316
19302
19288
19288
19288
19252
19246
19242
19214
19214
19194
19184
19176
19146
19136
19134
19128
19124
19116
19114
19086
19084
19080
19080
19074
19064
19060
19056
19054
19054
19048
19044
19034
19022
19012
19012
18976
18976
18966
18966
18962
18960
18958
18958
18942
18938
18932
18926
18922
18920
18910
18910
18904
18884
18882
18856
18852
18836
18824
18822
18802
18790
18768
18756
18738
18732
18714
18714
18704
18704
18698
18690
18686
18652
18638
18638
18636
18602
18596
18588
18578
18574
18570
18558
18554
18536
18526
18524
18518
18508
18504
18498
18492
18486
18474
18472
18462
18462
18452
18444
18442
18440
18434
18398
18388
18388
18368
18364
18348
18348
18338
18326
18324
18322
18322
18286
18286
18280
18280
18264
18264
18260
18248
18248
18236
18236
18234
18206
18202
18186
18180
18180
18168
18168
18156
18152
18142
18128
18128
18124
18120
18120
18114
18112
18112
18110
18108
18098
18080
18078
18078
18072
18062
18050
18048
18044
18038
18022
18006
17986
17986
17984
17980
17976
17976
17974
17958
17952
17942
17926
17924
17900
17898
17898
17898
17894
17894
17884
17870
17850
17844
17842
17834
17830
17828
17828
17826
17824
17822
17820
17810
17808
17804
17794
17794
17776
17776
17750
17750
17734
17734
17728
17728
17722
17718
17690
17686
17666
17652
17650
17644
17622
17620
17620
17612
17600
17584
17572
17562
17560
17560
17550
17548
17546
17540
17536
17536
17518
17516
17516
17516
17508
17504
17498
17490
17486
17482
17472
17468
17450
17450
17446
17442
17438
17416
17416
17416
17412
17410
17392
17390
17388
17386
17368
17346
17346
17342
17334
17334
17334
17326
17324
17324
17314
17312
17310
17300
17300
17298
17284
17276
17270
17262
17248
17236
17220
17214
17210
17188
17146
17146
17130
17128
17128
17128
17122
17118
17116
17106
17102
17084
17064
17052
17026
17020
17020
17004
17002
16998
16982
16982
16980
16968
16944
16932
16926
16910
16900
16892
16886
16882
16882
16882
16866
16864
16862
16858
16858
16818
16818
16798
16788
16778
16756
16752
16752
16748
16692
16688
16672
16670
16664
16650
16640
16640
16602
16598
16594
16586
16580
16526
16500
16496
16488
16476
16472
16460
16446
16442
16438
16428
16416
16406
16406
16396
16392
16392
16388
16372
16368
16368
16366
16360
16360
16346
16336
16330
16326
16322
16318
16316
16300
16284
16282
16282
16268
16268
16268
16248
16246
16238
16232
16226
16212
16182
16178
16178
16166
16154
16138
16134
16084
16084
16078
16076
16076
16068
16018
16014
16012
16004
16002
15998
15988
15986
15960
15954
15952
15946
15942
15938
15912
15910
15894
15882
15880
15880
15864
15848
15840
15838
15834
15824
15820
15818
15808
15772
15766
15766
15744
15742
15738
15726
15708
15690
15684
15670
15670
15662
15654
15650
15626
15626
15622
15618
15614
15614
15604
15596
15594
15592
15590
15576
15554
15550
15550
15548
15546
15544
15542
15540
15532
15530
15524
15518
15506
15500
15500
15494
15468
15468
15458
15454
15452
15442
15440
15428
15424
15382
15376
15370
15364
15356
15334
15330
15330
15326
15326
15320
15302
15298
15296
15262
15258
15252
15242
15230
15230
15228
15218
15218
15216
15208
15206
15190
15188
15162
15162
15158
15156
15154
15150
15144
15144
15142
15114
15100
15100
15096
15084
15056
15056
15050
15046
15042
15036
15028
15016
15012
14996
14994
14990
14970
14960
14960
14960
14958
14954
14950
14936
14928
14922
14916
14910
14886
14884
14878
14878
14872
14868
14846
14836
14822
14814
14812
14802
14800
14790
14790
14782
14772
14754
14718
14714
14704
14672
14630
14626
14626
14596
14586
14578
14564
14564
14562
14540
14526
14518
14512
14502
14502
14490
14474
14468
14464
14446
14432
14428
14428
14418
14418
14412
14410
14410
14410
14392
14368
14362
14350
14348
14348
14348
14312
14312
14302
14294
14292
14282
14278
14274
14272
14270
14268
14234
14216
14210
14202
14202
14198
14198
14196
14194
14188
14180
14162
14154
14154
14146
14146
14140
14132
14130
14122
14122
14104
14094
14094
14090
14076
14076
14060
14050
14050
14008
14004
13990
13978
13954
13940
13940
13932
13924
13908
13908
13894
13890
13860
13844
13838
13826
13822
13814
13812
13810
13804
13802
13790
13786
13786
13786
13768
13756
13742
13738
13730
13720
13718
13706
13688
13686
13682
13672
13666
13658
13652
13606
13606
13598
13584
13580
13578
13574
13574
13570
13552
13548
13544
13522
13514
13512
13508
13504
13502
13498
13498
13480
13478
13466
13446
13444
13432
13428
13420
13402
13400
13388
13376
13374
13374
13368
13358
13358
13356
13350
13324
13302
13300
13298
13296
13296
13296
13294
13266
13264
13254
13252
13246
13246
13246
13240
13238
13234
13230
13224
13220
13218
13214
13214
13210
13208
13206
13200
13186
13170
13160
13160
13142
13110
13102
13100
13090
13090
13086
13084
13084
13082
13078
13066
13064
13046
13046
13016
12996
12996
12992
12976
12976
12972
12962
12960
12948
12924
12916
12888
12884
12868
12866
12854
12852
12850
12846
12844
12832
12828
12820
12806
12802
12788
12782
12776
12768
12766
12748
12746
12732
12730
12706
12702
12702
12698
12656
12644
12642
12630
12616
12610
12600
12600
12596
12596
12556
12556
12550
12540
12536
12488
12482
12454
12426
12422
12414
12414
12402
12402
12392
12390
12356
12334
12330
12328
12320
12308
12298
12298
12296
12296
12284
12284
12284
12272
12272
12272
12272
12266
12266
12260
12260
12234
12230
12192
12188
12180
12178
12176
12154
12144
12144
12140
12138
12136
12126
12114
12108
12102
12100
12092
12090
12088
12086
12086
12082
12076
12050
12044
12044
12042
12038
12018
12016
12014
11994
11984
11972
11964
11962
11948
11946
11940
11930
11918
11918
11916
11912
11912
11912
11912
11912
11904
11898
11890
11884
11878
11878
11854
11852
11826
11814
11810
11802
11796
11784
11762
11754
11754
11748
11744
11738
11732
11686
11674
11674
11660
11654
11654
11650
11624
11624
11624
11580
11578
11574
11574
11566
11560
11544
11536
11534
11532
11522
11510
11510
11502
11496
11496
11488
11486
11456
11430
11408
11406
11404
11402
11392
11390
11388
11386
11380
11380
11370
11360
11360
11356
11352
11348
11346
11328
11328
11326
11318
11314
11310
11306
11278
11278
11278
11268
11266
11262
11228
11224
11208
11206
11188
11172
11166
11154
11154
11144
11132
11126
11126
11120
11106
11104
11090
11090
11082
11068
11062
11060
11058
11052
11044
11032
11028
11018
11016
10954
10952
10952
10946
10944
10920
10918
10908
10898
10896
10894
10884
10882
10882
10878
10872
10872
10866
10862
10860
10842
10840
10828
10826
10780
10760
10758
10758
10758
10746
10744
10742
10742
10736
10732
10728
10720
10716
10696
10688
10684
10658
10656
10634
10628
10612
10606
10604
10604
10604
10568
10566
10552
10548
10518
10516
10506
10506
10506
10498
10490
10486
10484
10448
10446
10446
10442
10442
10418
10410
10390
10382
10380
10366
10360
10354
10344
10334
10314
10308
10300
10282
10280
10276
10274
10264
10264
10256
10250
10246
10244
10236
10230
10224
10198
10196
10192
10190
10176
10168
10166
10166
10166
10164
10152
10150
10146
10140
10136
10132
10130
10124
10124
10122
10120
10110
10090
10090
10090
10086
10070
10068
10046
10014
10012
10012
9992
9980
9970
9956
9956
9956
9936
9928
9926
9922
9914
9908
9900
9892
9888
9884
9880
9878
9868
9854
9826
9824
9812
9808
9804
9800
9786
9764
9760
9756
9728
9726
9706
9702
9698
9686
9684
9678
9674
9674
9670
9668
9660
9660
9636
9610
9608
9602
9600
9584
9576
9566
9566
9560
9558
9540
9536
9530
9522
9494
9494
9488
9484
9480
9480
9474
9474
9460
9456
9446
9444
9438
9432
9424
9422
9418
9414
9412
9412
9406
9402
9402
9382
9372
9352
9338
9322
9320
9318
9318
9306
9306
9294
9288
9282
9268
9222
9216
9210
9206
9200
9186
9184
9170
9156
9152
9144
9132
9128
9126
9108
9098
9092
9086
9060
9044
9032
9022
9016
9002
9000
8978
8944
8940
8940
8936
8934
8928
8926
8924
8916
8904
8898
8892
8886
8876
8856
8846
8836
8828
8814
8812
8796
8792
8792
8788
8788
8768
8764
8762
8748
8744
8740
8740
8724
8720
8720
8696
8696
8690
8668
8668
8666
8650
8644
8644
8642
8638
8634
8632
8630
8606
8604
8602
8602
8598
8598
8590
8566
8538
8538
8528
8506
8506
8498
8472
8454
8452
8434
8432
8432
8418
8408
8408
8394
8386
8356
8354
8350
8348
8344
8332
8332
8326
8314
8312
8292
8272
8224
8218
8200
8192
8186
8174
8170
8170
8170
8168
8168
8162
8152
8142
8128
8122
8120
8118
8118
8112
8112
8108
8108
8102
8080
8060
8058
8056
8048
8044
8028
8018
7998
7986
7974
7962
7960
7958
7956
7926
7926
7924
7914
7902
7880
7870
7870
7868
7864
7856
7840
7840
7810
7786
7778
7778
7774
7772
7758
7748
7740
7740
7716
7708
7708
7708
7692
7690
7688
7686
7684
7680
7672
7650
7648
7634
7622
7608
7604
7590
7566
7564
7560
7560
7556
7554
7554
7554
7546
7542
7542
7530
7530
7502
7488
7486
7484
7476
7476
7474
7472
7458
7450
7448
7438
7426
7418
7416
7414
7392
7390
7384
7362
7354
7352
7330
7330
7328
7320
7318
7314
7314
7310
7302
7288
7280
7264
7218
7216
7216
7208
7204
7186
7172
7168
7160
7156
7150
7142
7132
7126
7124
7122
7118
7118
7112
7090
7084
7080
7066
7062
7052
7020
7014
7006
7006
7002
7000
6994
6992
6992
6982
6980
6978
6976
6976
6966
6964
6960
6894
6888
6876
6850
6828
6802
6802
6776
6776
6776
6768
6756
6752
6752
6748
6748
6744
6744
6722
6716
6694
6686
6682
6676
6674
6670
6660
6646
6646
6646
6620
6616
6614
6604
6604
6602
6602
6588
6582
6578
6572
6562
6548
6546
6542
6540
6538
6522
6508
6504
6502
6494
6494
6492
6492
6492
6488
6488
6480
6474
6462
6450
6450
6440
6430
6408
6402
6388
6382
6362
6360
6354
6314
6304
6302
6292
6286
6282
6270
6262
6262
6248
6214
6212
6174
6172
6172
6170
6150
6140
6136
6112
6100
6100
6096
6096
6084
6078
6074
6072
6056
6046
6028
6026
6024
6012
6010
6002
6002
5994
5962
5952
5950
5936
5932
5910
5898
5896
5894
5888
5886
5876
5866
5830
5826
5824
5804
5802
5802
5802
5798
5788
5786
5782
5766
5762
5748
5740
5734
5734
5718
5714
5708
5708
5694
5694
5692
5692
5684
5682
5676
5660
5642
5638
5634
5624
5622
5606
5600
5598
5590
5590
5586
5568
5566
5566
5564
5558
5556
5538
5536
5524
5520
5516
5512
5502
5500
5484
5468
5466
5450
5450
5450
5442
5438
5426
5426
5414
5402
5402
5392
5390
5390
5370
5364
5362
5360
5348
5346
5344
5336
5332
5322
5318
5318
5316
5316
5308
5306
5304
5294
5278
5270
5270
5268
5264
5256
5256
5248
5246
5240
5238
5230
5224
5204
5202
5200
5198
5192
5164
5154
5144
5142
5142
5138
5138
5130
5122
5122
5122
5106
5102
5096
5090
5090
5090
5060
5058
5054
5036
5012
5006
5004
4996
4980
4976
4968
4954
4954
4942
4916
4896
4894
4882
4840
4838
4836
4836
4826
4820
4814
4810
4808
4804
4802
4800
4790
4788
4782
4772
4770
4752
4728
4716
4716
4712
4706
4704
4686
4686
4680
4672
4672
4670
4668
4658
4656
4654
4650
4644
4642
4640
4624
4588
4586
4570
4566
4566
4562
4550
4550
4546
4538
4530
4530
4516
4516
4512
4510
4504
4504
4502
4496
4492
4484
4484
4484
4470
4466
4464
4456
4450
4446
4432
4430
4430
4426
4416
4416
4408
4406
4384
4354
4348
4346
4334
4332
4326
4304
4296
4288
4276
4270
4268
4264
4262
4250
4242
4234
4228
4226
4224
4212
4206
4198
4194
4192
4164
4156
4126
4108
4106
4106
4102
4094
4084
4074
4066
4064
4052
4044
4042
4034
4030
4026
4020
4018
4016
3990
3984
3946
3946
3936
3934
3934
3932
3932
3924
3924
3902
3894
3894
3874
3868
3866
3864
3864
3862
3844
3836
3826
3822
3818
3816
3810
3792
3792
3786
3778
3772
3768
3764
3758
3746
3742
3742
3740
3736
3726
3720
3718
3694
3688
3664
3660
3656
3654
3652
3650
3634
3616
3604
3578
3560
3560
3552
3552
3548
3522
3520
3510
3494
3490
3486
3460
3456
3428
3414
3402
3398
3388
3376
3370
3354
3338
3308
3294
3264
3260
3258
3234
3208
3208
3206
3192
3190
3160
3156
3140
3140
3136
3128
3106
3106
3094
3088
3088
3078
3078
3078
3068
3058
3050
3048
3040
3038
3028
3028
3028
3024
3022
3022
3010
3008
3006
3006
2996
2988
2976
2976
2962
2944
2942
2930
2914
2900
2890
2882
2880
2878
2872
2870
2864
2856
2836
2828
2810
2790
2778
2762
2762
2738
2734
2734
2734
2714
2706
2702
2694
2694
2690
2690
2682
2680
2672
2670
2666
2666
2660
2654
2626
2622
2608
2590
2584
2580
2578
2562
2558
2558
2558
2554
2548
2546
2536
2534
2532
2522
2522
2522
2510
2508
2476
2468
2468
2468
2466
2462
2460
2438
2434
2424
2424
2420
2414
2410
2406
2406
2400
2384
2378
2370
2368
2362
2360
2360
2360
2360
2344
2304
2278
2276
2276
2256
2250
2248
2244
2242
2240
2240
2236
2232
2208
2206
2200
2200
2198
2196
2196
2192
2178
2170
2166
2166
2156
2153
2140
2132
2120
2120
2112
2112
2088
2086
2064
2060
2054
2040
2030
2028
2028
2014
2012
2000
1980
1980
1980
1956
1956
1954
1946
1946
1944
1944
1944
1938
1936
1898
1880
1872
1852
1834
1824
1818
1812
1804
1798
1796
1790
1788
1778
1768
1766
1758
1758
1742
1734
1730
1704
1704
1674
1666
1660
1660
1634
1634
1630
1622
1618
1608
1608
1602
1598
1598
1592
1590
1580
1570
1570
1570
1564
1560
1554
1554
1552
1552
1552
1546
1538
1536
1536
1534
1534
1502
1498
1476
1462
1458
1446
1444
1442
1438
1432
1424
1406
1406
1396
1386
1382
1376
1366
1352
1336
1334
1328
1328
1328
1326
1294
1292
1288
1284
1270
1266
1262
1262
1250
1246
1242
1242
1240
1234
1234
1232
1226
1220
1220
1218
1218
1216
1188
1170
1166
1166
1166
1166
1164
1162
1158
1124
1124
1122
1088
1086
1070
1068
1060
1040
1036
1030
1026
1024
1012
1004
998
984
982
978
970
964
956
932
926
916
904
898
892
892
890
882
876
872
872
872
872
868
868
868
860
850
846
840
832
818
800
794
790
784
778
776
770
758
754
744
738
734
732
718
702
698
696
674
652
642
640
634
632
626
622
608
608
594
592
588
584
568
568
566
562
556
548
532
532
530
488
458
412
410
404
394
388
384
376
368
358
350
346
344
320
304
302
276
274
274
268
268
268
264
264
262
258
236
230
230
192
182
166
162
160
156
142
130
130
126
126
118
114
110
96
76
70
68
68
64
46
42
36
10
-11
-13
-19
-37
-53
-61
-69
-71
-71
-83
-89
-97
-109
-117
-125
-131
-149
-161
-165
-165
-171
-173
-175
-177
-185
-215
-219
-231
-239
-249
-251
-257
-267
-269
-269
-275
-281
-295
-301
-309
-321
-323
-323
-323
-341
-347
-353
-353
-357
-383
-383
-385
-413
-417
-423
-425
-429
-429
-467
-467
-473
-473
-475
-483
-491
-497
-513
-531
-563
-581
-597
-603
-603
-603
-603
-623
-653
-663
-685
-691
-699
-709
-711
-711
-721
-729
-745
-751
-751
-753
-755
-767
-769
-775
-777
-783
-785
-785
-789
-791
-795
-797
-811
-813
-815
-815
-819
-823
-829
-841
-847
-855
-855
-863
-871
-893
-897
-913
-917
-929
-935
-941
-949
-965
-969
-975
-977
-991
-995
-995
-1007
-1023
-1045
-1053
-1069
-1073
-1079
-1089
-1095
-1105
-1119
-1119
-1129
-1135
-1147
-1153
-1167
-1167
-1173
-1185
-1189
-1201
-1205
-1211
-1215
-1237
-1247
-1249
-1267
-1267
-1273
-1279
-1279
-1279
-1283
-1285
-1307
-1307
-1309
-1351
-1355
-1359
-1361
-1373
-1379
-1381
-1399
-1413
-1417
-1419
-1427
-1433
-1433
-1449
-1455
-1463
-1475
-1489
-1493
-1507
-1507
-1513
-1517
-1521
-1531
-1535
-1543
-1545
-1549
-1553
-1555
-1569
-1595
-1603
-1609
-1619
-1621
-1625
-1631
-1635
-1645
-1655
-1661
-1665
-1671
-1685
-1685
-1701
-1713
-1715
-1721
-1721
-1725
-1729
-1729
-1753
-1773
-1785
-1789
-1789
-1791
-1805
-1807
-1807
-1813
-1815
-1827
-1835
-1855
-1861
-1861
-1863
-1883
-1889
-1893
-1921
-1923
-1925
-1929
-1929
-1941
-1953
-1967
-1975
-1975
-1981
-1983
-1985
-1987
-1991
-1991
-1995
-1997
-2001
-2011
-2013
-2027
-2037
-2051
-2057
-2085
-2093
-2127
-2127
-2127
-2131
-2137
-2143
-2155
-2157
-2159
-2173
-2187
-2187
-2193
-2205
-2213
-2219
-2221
-2227
-2229
-2235
-2245
-2247
-2267
-2273
-2279
-2285
-2295
-2313
-2313
-2317
-2325
-2333
-2339
-2347
-2347
-2349
-2359
-2391
-2395
-2395
-2419
-2423
-2455
-2455
-2481
-2483
-2487
-2489
-2493
-2495
-2501
-2511
-2513
-2519
-2519
-2531
-2547
-2553
-2555
-2571
-2591
-2605
-2607
-2623
-2625
-2633
-2633
-2643
-2649
-2651
-2651
-2661
-2661
-2687
-2689
-2691
-2705
-2709
-2713
-2721
-2723
-2723
-2729
-2731
-2735
-2741
-2743
-2745
-2747
-2749
-2749
-2751
-2755
-2763
-2787
-2789
-2791
-2809
-2821
-2827
-2841
-2845
-2853
-2853
-2857
-2859
-2869
-2869
-2877
-2895
-2917
-2933
-2943
-2947
-2949
-2949
-2957
-2963
-2977
-2979
-2981
-2993
-3005
-3017
-3025
-3029
-3029
-3035
-3035
-3061
-3073
-3101
-3101
-3101
-3119
-3129
-3139
-3147
-3153
-3155
-3173
-3173
-3177
-3177
-3215
-3221
-3221
-3221
-3223
-3227
-3229
-3235
-3241
-3243
-3245
-3255
-3265
-3267
-3267
-3289
-3303
-3315
-3315
-3323
-3361
-3365
-3389
-3397
-3397
-3403
-3409
-3411
-3415
-3433
-3443
-3449
-3449
-3451
-3461
-3469
-3469
-3475
-3477
-3479
-3483
-3485
-3489
-3497
-3509
-3511
-3513
-3517
-3527
-3531
-3535
-3547
-3547
-3547
-3553
-3559
-3577
-3583
-3585
-3605
-3613
-3615
-3619
-3621
-3627
-3629
-3629
-3629
-3629
-3639
-3649
-3657
-3671
-3677
-3679
-3685
-3685
-3697
-3703
-3711
-3721
-3721
-3729
-3737
-3741
-3743
-3757
-3773
-3789
-3799
-3801
-3803
-3803
-3807
-3807
-3811
-3819
-3833
-3837
-3841
-3847
-3855
-3873
-3875
-3917
-3921
-3923
-3923
-3941
-3943
-3945
-3951
-3961
-3965
-3973
-3973
-3991
-3991
-3995
-3997
-4011
-4013
-4015
-4017
-4033
-4033
-4063
-4077
-4077
-4079
-4081
-4087
-4089
-4097
-4105
-4107
-4109
-4115
-4121
-4135
-4143
-4163
-4169
-4171
-4185
-4197
-4207
-4219
-4223
-4233
-4235
-4241
-4249
-4259
-4273
-4275
-4283
-4283
-4301
-4333
-4347
-4349
-4357
-4357
-4357
-4361
-4363
-4375
-4387
-4397
-4409
-4411
-4423
-4427
-4427
-4427
-4427
-4427
-4437
-4445
-4447
-4459
-4459
-4461
-4467
-4471
-4481
-4485
-4501
-4501
-4527
-4533
-4535
-4541
-4573
-4575
-4581
-4595
-4601
-4611
-4631
-4637
-4639
-4639
-4655
-4657
-4667
-4669
-4671
-4675
-4679
-4681
-4705
-4707
-4725
-4735
-4735
-4753
-4761
-4767
-4771
-4773
-4787
-4787
-4787
-4789
-4803
-4817
-4829
-4833
-4833
-4847
-4873
-4875
-4883
-4887
-4887
-4895
-4901
-4919
-4923
-4925
-4933
-4945
-4949
-4977
-4977
-4977
-4979
-4981
-5005
-5011
-5023
-5033
-5043
-5047
-5049
-5049
-5049
-5063
-5071
-5071
-5075
-5085
-5099
-5107
-5123
-5123
-5129
-5129
-5137
-5145
-5145
-5147
-5147
-5175
-5175
-5183
-5197
-5197
-5197
-5199
-5203
-5221
-5223
-5231
-5235
-5239
-5245
-5255
-5257
-5265
-5273
-5287
-5287
-5293
-5295
-5301
-5311
-5315
-5353
-5357
-5383
-5391
-5401
-5415
-5439
-5459
-5461
-5475
-5479
-5491
-5505
-5513
-5513
-5521
-5525
-5537
-5539
-5543
-5543
-5549
-5553
-5553
-5557
-5561
-5567
-5573
-5581
-5593
-5607
-5611
-5627
-5629
-5631
-5635
-5639
-5643
-5663
-5671
-5671
-5695
-5707
-5713
-5725
-5733
-5755
-5759
-5771
-5771
-5783
-5801
-5803
-5815
-5819
-5827
-5835
-5837
-5845
-5873
-5883
-5887
-5889
-5891
-5891
-5909
-5911
-5911
-5927
-5933
-5947
-5963
-5983
-5985
-5985
-5993
-6021
-6023
-6027
-6051
-6057
-6065
-6067
-6073
-6085
-6103
-6113
-6115
-6125
-6135
-6137
-6143
-6175
-6175
-6193
-6207
-6213
-6225
-6227
-6229
-6229
-6231
-6239
-6253
-6273
-6275
-6281
-6285
-6289
-6293
-6293
-6301
-6331
-6333
-6333
-6345
-6347
-6349
-6349
-6357
-6369
-6375
-6383
-6387
-6387
-6393
-6407
-6415
-6419
-6427
-6431
-6435
-6437
-6437
-6453
-6459
-6467
-6473
-6475
-6481
-6497
-6503
-6507
-6509
-6509
-6525
-6531
-6543
-6555
-6561
-6561
-6567
-6575
-6575
-6579
-6581
-6583
-6585
-6603
-6603
-6631
-6645
-6649
-6655
-6689
-6711
-6711
-6717
-6733
-6735
-6739
-6739
-6743
-6749
-6749
-6755
-6757
-6783
-6793
-6793
-6801
-6805
-6817
-6823
-6825
-6825
-6843
-6857
-6857
-6861
-6863
-6869
-6869
-6871
-6877
-6889
-6893
-6897
-6897
-6899
-6919
-6923
-6929
-6931
-6949
-6951
-6975
-6989
-6997
-7009
-7021
-7023
-7033
-7035
-7041
-7041
-7047
-7051
-7051
-7057
-7059
-7073
-7073
-7081
-7087
-7095
-7095
-7099
-7109
-7133
-7153
-7153
-7157
-7193
-7197
-7199
-7237
-7249
-7255
-7257
-7257
-7267
-7281
-7281
-7297
-7313
-7319
-7359
-7389
-7389
-7403
-7405
-7421
-7431
-7447
-7459
-7459
-7463
-7471
-7477
-7483
-7483
-7491
-7493
-7507
-7507
-7511
-7525
-7531
-7539
-7551
-7551
-7565
-7585
-7597
-7613
-7615
-7641
-7645
-7647
-7659
-7681
-7683
-7691
-7693
-7705
-7707
-7723
-7723
-7729
-7729
-7731
-7743
-7761
-7767
-7783
-7785
-7793
-7795
-7803
-7803
-7807
-7807
-7815
-7823
-7833
-7841
-7841
-7849
-7853
-7855
-7859
-7875
-7877
-7881
-7889
-7897
-7899
-7903
-7903
-7909
-7921
-7927
-7929
-7961
-7969
-7977
-7979
-7989
-7991
-8001
-8005
-8009
-8011
-8027
-8049
-8053
-8081
-8109
-8117
-8127
-8127
-8133
-8135
-8141
-8149
-8151
-8161
-8173
-8185
-8195
-8195
-8207
-8209
-8209
-8213
-8215
-8219
-8251
-8261
-8267
-8273
-8297
-8297
-8303
-8307
-8311
-8321
-8333
-8335
-8335
-8339
-8355
-8355
-8357
-8359
-8365
-8393
-8401
-8401
-8417
-8423
-8427
-8427
-8441
-8445
-8473
-8479
-8485
-8489
-8543
-8551
-8553
-8553
-8561
-8567
-8571
-8575
-8579
-8579
-8579
-8589
-8625
-8627
-8629
-8635
-8639
-8647
-8651
-8665
-8675
-8677
-8681
-8683
-8687
-8697
-8701
-8713
-8715
-8745
-8745
-8749
-8757
-8777
-8787
-8787
-8799
-8805
-8823
-8823
-8845
-8895
-8895
-8909
-8911
-8925
-8939
-8949
-8951
-8961
-8963
-8969
-8979
-8979
-8995
-8999
-9009
-9011
-9017
-9017
-9017
-9017
-9021
-9023
-9043
-9049
-9049
-9051
-9073
-9077
-9093
-9097
-9101
-9107
-9119
-9121
-9133
-9155
-9161
-9167
-9173
-9179
-9183
-9185
-9211
-9227
-9233
-9237
-9239
-9249
-9257
-9277
-9277
-9279
-9283
-9287
-9287
-9295
-9315
-9335
-9351
-9361
-9377
-9397
-9411
-9411
-9435
-9435
-9437
-9451
-9469
-9475
-9481
-9485
-9515
-9523
-9525
-9541
-9545
-9547
-9553
-9573
-9585
-9589
-9591
-9599
-9605
-9607
-9607
-9611
-9613
-9615
-9625
-9647
-9647
-9655
-9669
-9697
-9699
-9709
-9717
-9719
-9725
-9727
-9733
-9735
-9745
-9753
-9753
-9773
-9775
-9785
-9791
-9797
-9807
-9809
-9819
-9835
-9837
-9837
-9839
-9839
-9863
-9895
-9897
-9905
-9905
-9927
-9929
-9937
-9939
-9949
-9953
-9973
-9977
-10019
-10021
-10021
-10023
-10031
-10033
-10057
-10063
-10071
-10073
-10089
-10095
-10095
-10135
-10161
-10171
-10179
-10183
-10191
-10195
-10215
-10227
-10239
-10243
-10243
-10255
-10271
-10281
-10303
-10305
-10313
-10317
-10331
-10331
-10337
-10345
-10355
-10363
-10365
-10393
-10393
-10397
-10403
-10419
-10425
-10439
-10455
-10463
-10467
-10471
-10477
-10481
-10491
-10493
-10497
-10525
-10525
-10529
-10529
-10531
-10545
-10547
-10551
-10557
-10565
-10565
-10569
-10581
-10595
-10601
-10605
-10605
-10607
-10623
-10629
-10633
-10641
-10651
-10657
-10665
-10667
-10691
-10697
-10703
-10709
-10727
-10737
-10741
-10751
-10751
-10763
-10765
-10767
-10771
-10783
-10783
-10789
-10805
-10809
-10809
-10811
-10827
-10829
-10863
-10877
-10881
-10885
-10907
-10911
-10911
-10911
-10917
-10919
-10925
-10933
-10959
-10959
-10965
-10979
-10989
-10997
-11001
-11003
-11005
-11007
-11009
-11009
-11009
-11013
-11041
-11061
-11067
-11075
-11079
-11095
-11115
-11115
-11121
-11127
-11135
-11149
-11149
-11167
-11197
-11197
-11207
-11213
-11213
-11251
-11255
-11297
-11319
-11327
-11365
-11375
-11395
-11399
-11415
-11423
-11425
-11435
-11435
-11437
-11439
-11451
-11455
-11471
-11475
-11493
-11497
-11501
-11505
-11509
-11529
-11545
-11549
-11551
-11551
-11563
-11569
-11581
-11601
-11601
-11603
-11617
-11621
-11625
-11625
-11643
-11651
-11655
-11667
-11671
-11675
-11679
-11679
-11697
-11697
-11697
-11699
-11707
-11725
-11731
-11731
-11751
-11761
-11763
-11771
-11783
-11783
-11787
-11789
-11795
-11809
-11815
-11819
-11821
-11823
-11829
-11831
-11833
-11839
-11843
-11855
-11855
-11859
-11863
-11863
-11867
-11875
-11883
-11895
-11897
-11899
-11901
-11911
-11913
-11915
-11935
-11945
-11953
-11963
-11965
-11971
-11985
-12017
-12023
-12025
-12045
-12051
-12059
-12077
-12081
-12089
-12103
-12103
-12129
-12129
-12133
-12141
-12147
-12167
-12173
-12183
-12183
-12185
-12195
-12205
-12207
-12231
-12241
-12241
-12251
-12257
-12257
-12263
-12269
-12275
-12283
-12287
-12301
-12307
-12309
-12319
-12325
-12325
-12327
-12329
-12333
-12357
-12359
-12367
-12373
-12379
-12385
-12385
-12413
-12425
-12431
-12433
-12435
-12443
-12449
-12459
-12459
-12461
-12481
-12491
-12491
-12503
-12507
-12525
-12525
-12533
-12537
-12597
-12597
-12613
-12623
-12623
-12629
-12643
-12645
-12645
-12661
-12675
-12677
-12679
-12681
-12719
-12719
-12729
-12747
-12767
-12767
-12769
-12775
-12775
-12793
-12795
-12813
-12823
-12831
-12839
-12845
-12847
-12853
-12867
-12873
-12877
-12883
-12883
-12887
-12887
-12905
-12913
-12917
-12931
-12973
-12975
-12977
-12985
-13011
-13027
-13029
-13043
-13047
-13047
-13055
-13063
-13087
-13095
-13101
-13107
-13137
-13137
-13137
-13141
-13153
-13157
-13161
-13165
-13173
-13181
-13197
-13207
-13243
-13253
-13253
-13257
-13273
-13279
-13281
-13301
-13313
-13313
-13331
-13349
-13357
-13361
-13371
-13373
-13377
-13397
-13403
-13403
-13415
-13421
-13433
-13435
-13483
-13487
-13489
-13499
-13501
-13513
-13515
-13527
-13545
-13559
-13575
-13595
-13609
-13609
-13649
-13651
-13655
-13661
-13671
-13673
-13675
-13679
-13693
-13715
-13743
-13747
-13747
-13755
-13757
-13761
-13763
-13769
-13771
-13783
-13789
-13813
-13817
-13821
-13849
-13851
-13863
-13875
-13877
-13891
-13893
-13893
-13915
-13923
-13931
-13967
-14003
-14013
-14021
-14023
-14023
-14049
-14055
-14061
-14069
-14083
-14085
-14089
-14117
-14141
-14159
-14169
-14173
-14177
-14187
-14201
-14201
-14205
-14209
-14209
-14217
-14237
-14237
-14243
-14255
-14271
-14275
-14277
-14295
-14299
-14311
-14317
-14319
-14333
-14335
-14341
-14345
-14347
-14355
-14359
-14381
-14389
-14403
-14417
-14425
-14431
-14431
-14443
-14443
-14449
-14451
-14453
-14463
-14463
-14463
-14465
-14469
-14473
-14487
-14489
-14495
-14497
-14499
-14513
-14527
-14543
-14569
-14569
-14573
-14591
-14603
-14607
-14623
-14641
-14647
-14647
-14647
-14647
-14653
-14663
-14663
-14675
-14675
-14679
-14681
-14681
-14689
-14711
-14715
-14729
-14735
-14739
-14751
-14763
-14779
-14801
-14809
-14819
-14823
-14827
-14827
-14841
-14855
-14861
-14865
-14865
-14875
-14875
-14889
-14891
-14895
-14923
-14923
-14925
-14937
-14945
-14945
-14949
-14951
-14957
-14959
-14959
-14967
-14973
-14977
-14979
-14981
-14995
-15003
-15011
-15015
-15021
-15037
-15047
-15065
-15069
-15075
-15077
-15093
-15093
-15099
-15099
-15105
-15111
-15111
-15113
-15117
-15123
-15127
-15133
-15141
-15149
-15153
-15159
-15161
-15165
-15171
-15173
-15187
-15187
-15193
-15195
-15205
-15219
-15223
-15225
-15225
-15243
-15249
-15255
-15261
-15267
-15273
-15275
-15277
-15285
-15301
-15305
-15305
-15305
-15315
-15317
-15329
-15351
-15367
-15391
-15405
-15405
-15405
-15413
-15433
-15449
-15455
-15467
-15483
-15485
-15487
-15489
-15491
-15495
-15505
-15521
-15533
-15537
-15555
-15555
-15571
-15571
-15587
-15589
-15589
-15605
-15617
-15627
-15631
-15649
-15655
-15655
-15655
-15657
-15657
-15667
-15681
-15687
-15703
-15731
-15741
-15745
-15769
-15771
-15775
-15783
-15785
-15785
-15787
-15793
-15795
-15799
-15805
-15811
-15813
-15815
-15825
-15849
-15859
-15861
-15871
-15889
-15893
-15901
-15909
-15913
-15931
-15935
-15937
-15941
-15943
-15945
-15961
-15971
-15971
-15979
-15991
-15993
-15997
-16003
-16009
-16011
-16013
-16025
-16033
-16047
-16051
-16055
-16055
-16055
-16057
-16057
-16057
-16069
-16071
-16077
-16093
-16093
-16095
-16095
-16097
-16101
-16105
-16121
-16121
-16133
-16137
-16149
-16151
-16161
-16169
-16171
-16173
-16175
-16175
-16179
-16189
-16197
-16203
-16223
-16235
-16247
-16255
-16257
-16261
-16263
-16277
-16285
-16287
-16291
-16305
-16309
-16311
-16315
-16341
-16349
-16359
-16361
-16363
-16375
-16389
-16389
-16395
-16399
-16419
-16425
-16425
-16427
-16433
-16433
-16441
-16455
-16473
-16477
-16483
-16511
-16541
-16551
-16551
-16551
-16553
-16553
-16555
-16561
-16571
-16581
-16581
-16585
-16589
-16589
-16595
-16619
-16631
-16633
-16639
-16651
-16653
-16657
-16671
-16687
-16699
-16707
-16723
-16727
-16727
-16733
-16739
-16747
-16761
-16771
-16771
-16773
-16789
-16791
-16803
-16809
-16835
-16835
-16839
-16851
-16857
-16859
-16859
-16867
-16879
-16883
-16887
-16889
-16893
-16895
-16921
-16931
-16939
-16949
-16951
-16951
-16951
-16961
-16963
-16981
-16993
-17003
-17005
-17025
-17033
-17053
-17055
-17059
-17063
-17069
-17097
-17099
-17101
-17105
-17119
-17119
-17149
-17149
-17159
-17161
-17161
-17169
-17185
-17215
-17219
-17223
-17243
-17259
-17265
-17273
-17275
-17301
-17301
-17303
-17307
-17313
-17323
-17323
-17323
-17333
-17345
-17367
-17369
-17405
-17413
-17425
-17439
-17443
-17451
-17469
-17471
-17477
-17485
-17489
-17491
-17495
-17495
-17517
-17541
-17541
-17555
-17559
-17569
-17569
-17571
-17575
-17581
-17589
-17591
-17591
-17597
-17601
-17605
-17609
-17619
-17627
-17633
-17651
-17671
-17679
-17687
-17693
-17699
-17701
-17713
-17715
-17729
-17753
-17755
-17757
-17761
-17773
-17793
-17809
-17809
-17831
-17853
-17875
-17875
-17879
-17887
-17891
-17899
-17903
-17905
-17925
-17933
-17939
-17945
-17951
-17951
-17963
-17967
-17971
-17975
-18001
-18013
-18017
-18023
-18051
-18103
-18123
-18127
-18131
-18133
-18133
-18165
-18175
-18185
-18203
-18205
-18225
-18233
-18249
-18249
-18257
-18257
-18259
-18267
-18271
-18275
-18279
-18291
-18297
-18307
-18321
-18335
-18337
-18351
-18355
-18371
-18379
-18387
-18387
-18387
-18423
-18425
-18429
-18431
-18435
-18437
-18461
-18461
-18465
-18465
-18469
-18471
-18475
-18475
-18503
-18517
-18517
-18523
-18529
-18529
-18545
-18555
-18557
-18563
-18573
-18591
-18593
-18597
-18611
-18635
-18639
-18643
-18649
-18649
-18651
-18655
-18671
-18677
-18693
-18743
-18749
-18759
-18775
-18781
-18783
-18785
-18789
-18795
-18801
-18803
-18807
-18811
-18813
-18819
-18823
-18831
-18837
-18849
-18853
-18853
-18855
-18861
-18873
-18877
-18885
-18897
-18907
-18923
-18927
-18947
-18947
-18951
-18955
-18959
-18961
-18965
-18973
-18977
-18977
-18977
-18987
-18993
-18995
-19017
-19031
-19037
-19045
-19045
-19049
-19049
-19051
-19053
-19055
-19085
-19089
-19095
-19095
-19105
-19133
-19135
-19137
-19139
-19141
-19147
-19147
-19147
-19157
-19161
-19165
-19165
-19171
-19177
-19189
-19193
-19197
-19199
-19207
-19241
-19243
-19251
-19253
-19259
-19259
-19259
-19263
-19271
-19273
-19287
-19299
-19313
-19315
-19325
-19329
-19333
-19341
-19341
-19345
-19351
-19351
-19351
-19355
-19373
-19383
-19385
-19389
-19393
-19411
-19423
-19449
-19451
-19459
-19463
-19465
-19467
-19475
-19475
-19495
-19513
-19521
-19525
-19541
-19549
-19553
-19555
-19559
-19559
-19561
-19575
-19591
-19603
-19611
-19611
-19613
-19627
-19631
-19635
-19641
-19643
-19647
-19653
-19655
-19661
-19681
-19681
-19693
-19695
-19695
-19725
-19797
-19797
-19803
-19805
-19807
-19811
-19819
-19837
-19841
-19849
-19859
-19859
-19861
-19869
-19873
-19883
-19915
-19917
-19935
-19945
-19953
-19967
-19975
-19979
-19983
-19993
-19997
-19997
-19999
-20011
-20025
-20037
-20063
-20083
-20093
-20093
-20125
-20145
-20145
-20147
-20153
-20161
-20169
-20191
-20191
-20193
-20197
-20227
-20233
-20233
-20245
-20247
-20251
-20253
-20257
-20265
-20273
-20281
-20283
-20283
-20303
-20321
-20323
-20337
-20337
-20341
-20345
-20365
-20373
-20381
-20381
-20391
-20393
-20393
-20421
-20425
-20445
-20451
-20451
-20453
-20465
-20473
-20481
-20481
-20497
-20517
-20517
-20521
-20531
-20537
-20537
-20539
-20555
-20563
-20563
-20567
-20579
-20597
-20601
-20617
-20621
-20625
-20629
-20657
-20661
-20671
-20715
-20725
-20741
-20757
-20757
-20761
-20763
-20793
-20795
-20797
-20799
-20807
-20815
-20819
-20839
-20841
-20847
-20855
-20859
-20859
-20875
-20875
-20893
-20911
-20915
-20919
-20923
-20927
-20929
-20933
-20935
-20949
-20961
-20971
-20973
-20977
-20977
-20979
-20979
-20979
-20987
-20991
-21005
-21023
-21035
-21039
-21039
-21045
-21049
-21055
-21061
-21079
-21117
-21119
-21121
-21123
-21123
-21123
-21123
-21131
-21133
-21145
-21153
-21159
-21159
-21183
-21187
-21189
-21195
-21201
-21211
-21235
-21239
-21243
-21247
-21269
-21275
-21281
-21303
-21305
-21315
-21331
-21355
-21361
-21363
-21371
-21379
-21381
-21381
-21411
-21413
-21419
-21419
-21439
-21445
-21447
-21457
-21461
-21473
-21489
-21489
-21489
-21505
-21509
-21511
-21527
-21531
-21551
-21583
-21589
-21593
-21599
-21603
-21613
-21617
-21619
-21639
-21655
-21657
-21659
-21659
-21667
-21679
-21685
-21699
-21715
-21715
-21733
-21747
-21753
-21753
-21761
-21763
-21763
-21765
-21775
-21783
-21797
-21821
-21839
-21839
-21847
-21849
-21869
-21881
-21887
-21891
-21895
-21909
-21923
-21923
-21939
-21945
-21951
-21957
-21957
-21967
-21971
-21981
-22003
-22013
-22019
-22023
-22023
-22027
-22031
-22043
-22043
-22045
-22059
-22067
-22073
-22073
-22085
-22085
-22101
-22101
-22105
-22111
-22111
-22111
-22123
-22133
-22151
-22167
-22173
-22183
-22223
-22235
-22257
-22263
-22263
-22283
-22285
-22289
-22291
-22291
-22299
-22309
-22319
-22331
-22335
-22335
-22343
-22343
-22343
-22347
-22351
-22351
-22353
-22359
-22365
-22365
-22367
-22381
-22381
-22385
-22401
-22417
-22419
-22423
-22439
-22463
-22467
-22483
-22485
-22485
-22501
-22513
-22545
-22561
-22563
-22577
-22579
-22581
-22581
-22583
-22583
-22589
-22593
-22599
-22603
-22607
-22611
-22617
-22629
-22629
-22633
-22647
-22653
-22663
-22667
-22711
-22725
-22735
-22735
-22757
-22771
-22783
-22785
-22787
-22795
-22821
-22823
-22829
-22831
-22833
-22833
-22851
-22861
-22861
-22863
-22877
-22897
-22897
-22901
-22909
-22911
-22917
-22929
-22933
-22939
-22945
-22953
-22961
-22963
-22965
-22967
-22977
-22987
-22987
-23039
-23055
-23059
-23067
-23075
-23089
-23089
-23091
-23095
-23099
-23101
-23113
-23115
-23139
-23163
-23165
-23173
-23217
-23219
-23221
-23225
-23235
-23237
-23249
-23271
-23299
-23309
-23309
-23311
-23313
-23315
-23319
-23335
-23337
-23337
-23345
-23355
-23359
-23361
-23387
-23387
-23415
-23423
-23427
-23429
-23431
-23433
-23439
-23443
-23461
-23463
-23465
-23465
-23471
-23473
-23479
-23485
-23505
-23505
-23521
-23543
-23547
-23551
-23567
-23569
-23595
-23595
-23633
-23639
-23647
-23657
-23657
-23683
-23683
-23685
-23695
-23703
-23707
-23709
-23715
-23727
-23743
-23747
-23747
-23747
-23749
-23761
-23767
-23789
-23805
-23811
-23827
-23837
-23843
-23869
-23869
-23877
-23883
-23885
-23905
-23913
-23927
-23931
-23935
-23949
-23959
-23979
-23985
-23997
-24001
-24013
-24029
-24033
-24069
-24071
-24081
-24091
-24093
-24101
-24111
-24123
-24127
-24127
-24129
-24139
-24147
-24155
-24159
-24167
-24181
-24215
-24221
-24235
-24237
-24237
-24241
-24255
-24259
-24271
-24283
-24285
-24293
-24293
-24295
-24297
-24315
-24315
-24317
-24335
-24337
-24347
-24349
-24361
-24363
-24365
-24373
-24379
-24385
-24385
-24389
-24393
-24407
-24433
-24435
-24439
-24449
-24451
-24451
-24457
-24459
-24459
-24459
-24461
-24483
-24489
-24493
-24497
-24497
-24501
-24501
-24525
-24533
-24547
-24547
-24549
-24549
-24551
-24557
-24559
-24561
-24571
-24581
-24591
-24599
-24609
-24609
-24611
-24611
-24613
-24613
-24635
-24647
-24655
-24661
-24667
-24671
-24677
-24681
-24687
-24691
-24695
-24703
-24731
-24733
-24737
-24739
-24739
-24741
-24743
-24749
-24755
-24755
-24757
-24765
-24765
-24769
-24781
-24785
-24785
-24789
-24807
-24823
-24823
-24823
-24843
-24851
-24855
-24869
-24873
-24877
-24881
-24885
-24887
-24889
-24891
-24907
-24913
-24915
-24919
-24927
-24933
-24933
-24941
-24955
-24981
-24991
-25003
-25027
-25031
-25043
-25059
-25061
-25077
-25083
-25085
-25109
-25113
-25119
-25145
-25161
-25185
-25185
-25205
-25225
-25235
-25249
-25259
-25261
-25267
-25269
-25271
-25275
-25277
-25277
-25291
-25313
-25315
-25335
-25361
-25367
-25375
-25387
-25395
-25405
-25415
-25425
-25429
-25457
-25469
-25471
-25483
-25497
-25499
-25507
-25507
-25511
-25511
-25511
-25517
-25523
-25525
-25527
-25533
-25537
-25553
-25555
-25555
-25561
-25573
-25575
-25581
-25589
-25605
-25607
-25613
-25617
-25633
-25635
-25637
-25659
-25659
-25673
-25681
-25685
-25685
-25689
-25697
-25703
-25703
-25705
-25707
-25737
-25737
-25743
-25751
-25763
-25773
-25775
-25791
-25791
-25797
-25809
-25811
-25813
-25815
-25825
-25831
-25849
-25861
-25873
-25875
-25899
-25917
-25919
-25927
-25927
-25931
-25943
-25953
-25957
-25959
-25959
-25961
-25973
-25983
-25999
-26005
-26005
-26007
-26013
-26013
-26015
-26015
-26017
-26023
-26065
-26097
-26105
-26121
-26143
-26145
-26145
-26149
-26155
-26155
-26161
-26161
-26161
-26169
-26173
-26173
-26175
-26177
-26183
-26191
-26191
-26203
-26209
-26211
-26229
-26233
-26257
-26263
-26275
-26289
-26289
-26299
-26303
-26303
-26309
-26309
-26335
-26351
-26351
-26353
-26361
-26365
-26371
-26377
-26379
-26387
-26395
-26397
-26401
-26403
-26403
-26417
-26435
-26435
-26441
-26443
-26445
-26451
-26451
-26461
-26473
-26483
-26487
-26487
-26495
-26505
-26511
-26555
-26561
-26565
-26567
-26579
-26587
-26605
-26609
-26613
-26627
-26633
-26635
-26641
-26647
-26657
-26665
-26673
-26681
-26689
-26699
-26703
-26709
-26727
-26727
-26733
-26735
-26747
-26751
-26759
-26767
-26771
-26795
-26803
-26805
-26807
-26809
-26809
-26815
-26817
-26841
-26847
-26847
-26849
-26857
-26869
-26877
-26877
-26909
-26911
-26915
-26919
-26923
-26925
-26927
-26929
-26929
-26935
-26939
-26957
-26971
-26977
-26977
-26991
-26993
-27005
-27005
-27021
-27021
-27025
-27055
-27057
-27061
-27061
-27067
-27089
-27107
-27107
-27119
-27121
-27131
-27137
-27181
-27195
-27197
-27225
-27231
-27231
-27243
-27247
-27251
-27251
-27259
-27281
-27293
-27293
-27295
-27305
-27309
-27309
-27309
-27311
-27315
-27317
-27319
-27321
-27323
-27325
-27343
-27355
-27361
-27365
-27381
-27393
-27395
-27397
-27397
-27401
-27403
-27419
-27425
-27429
-27429
-27431
-27431
-27433
-27433
-27437
-27463
-27467
-27489
-27501
-27507
-27513
-27519
-27519
-27527
-27529
-27529
-27533
-27537
-27537
-27537
-27557
-27559
-27559
-27559
-27559
-27567
-27567
-27579
-27601
-27603
-27629
-27631
-27649
-27657
-27657
-27665
-27679
-27681
-27699
-27701
-27705
-27715
-27717
-27723
-27727
-27731
-27735
-27751
-27751
-27753
-27759
-27777
-27779
-27789
-27823
-27823
-27825
-27833
-27837
-27841
-27855
-27861
-27865
-27879
-27885
-27903
-27913
-27921
-27921
-27923
-27933
-27941
-27953
-27969
-27973
-27975
-27975
-27983
-27987
-27995
-27997
-28011
-28011
-28011
-28035
-28051
-28061
-28083
-28105
-28105
-28107
-28111
-28119
-28125
-28127
-28135
-28139
-28143
-28145
-28155
-28163
-28187
-28195
-28209
-28229
-28229
-28231
-28237
-28245
-28259
-28263
-28281
-28281
-28285
-28285
-28285
-28299
-28305
-28311
-28315
-28325
-28331
-28351
-28363
-28377
-28377
-28389
-28397
-28399
-28399
-28405
-28421
-28429
-28429
-28437
-28437
-28445
-28465
-28491
-28495
-28497
-28501
-28519
-28523
-28531
-28535
-28537
-28557
-28567
-28567
-28575
-28587
-28589
-28593
-28595
-28603
-28611
-28619
-28619
-28619
-28665
-28665
-28671
-28685
-28703
-28703
-28705
-28709
-28711
-28757
-28763
-28771
-28783
-28783
-28795
-28813
-28821
-28831
-28835
-28849
-28877
-28881
-28881
-28887
-28899
-28901
-28905
-28905
-28919
-28925
-28931
-28933
-28941
-28943
-28951
-28959
-28959
-28961
-28973
-28973
-28975
-28977
-28989
-29011
-29021
-29021
-29021
-29021
-29033
-29043
-29049
-29061
-29063
-29063
-29073
-29073
-29081
-29085
-29087
-29087
-29113
-29113
-29115
-29119
-29121
-29121
-29137
-29145
-29165
-29169
-29177
-29177
-29183
-29185
-29185
-29209
-29215
-29217
-29219
-29229
-29229
-29237
-29245
-29271
-29271
-29273
-29279
-29279
-29281
-29297
-29305
-29311
-29311
-29315
-29315
-29315
-29321
-29329
-29339
-29355
-29383
-29401
-29403
-29409
-29437
-29439
-29451
-29475
-29491
-29497
-29497
-29511
-29531
-29531
-29535
-29541
-29553
-29559
-29575
-29577
-29591
-29595
-29603
-29607
-29609
-29657
-29689
-29699
-29699
-29703
-29707
-29717
-29735
-29739
-29741
-29745
-29749
-29763
-29789
-29791
-29821
-29825
-29845
-29847
-29875
-29881
-29885
-29885
-29891
-29901
-29925
-29925
-29935
-29943
-29951
-29971
-29975
-29977
-29985
-29985
-29987
-29989
-29993
-30009
-30025
-30073
-30073
-30077
-30079
-30089
-30097
-30097
-30101
-30109
-30117
-30119
-30129
-30131
-30133
-30139
-30141
-30143
-30143
-30159
-30165
-30167
-30183
-30185
-30195
-30205
-30221
-30237
-30255
-30259
-30269
-30279
-30279
-30279
-30287
-30289
-30289
-30291
-30295
-30297
-30297
-30305
-30307
-30307
-30311
-30311
-30315
-30319
-30323
-30325
-30331
-30333
-30333
-30333
-30341
-30343
-30353
-30357
-30357
-30371
-30377
-30381
-30381
-30381
-30385
-30403
-30403
-30405
-30405
-30409
-30415
-30423
-30423
-30433
-30449
-30461
-30477
-30483
-30489
-30539
-30557
-30565
-30575
-30579
-30581
-30593
-30607
-30607
-30609
-30609
-30613
-30623
-30625
-30627
-30643
-30661
-30667
-30673
-30675
-30677
-30679
-30683
-30693
-30701
-30725
-30725
-30727
-30733
-30761
-30761
-30763
-30767
-30769
-30771
-30785
-30795
-30801
-30815
-30827
-30831
-30849
-30861
-30863
-30865
-30867
-30877
-30879
-30897
-30897
-30909
-30911
-30921
-30923
-30947
-30953
-30955
-30961
-30973
-31021
-31039
-31063
-31063
-31065
-31067
-31077
-31079
-31093
-31109
-31119
-31121
-31127
-31135
-31135
-31143
-31173
-31179
-31179
-31179
-31191
-31193
-31213
-31229
-31235
-31241
-31245
-31251
-31251
-31265
-31299
-31301
-31313
-31319
-31327
-31335
-31349
-31349
-31349
-31349
-31351
-31353
-31365
-31379
-31389
-31427
-31431
-31433
-31453
-31457
-31459
-31477
-31479
-31491
-31495
-31507
-31513
-31525
-31525
-31533
-31539
-31547
-31559
-31567
-31569
-31569
-31569
-31573
-31581
-31581
-31595
-31599
-31609
-31611
-31617
-31619
-31621
-31633
-31635
-31655
-31671
-31679
-31687
-31697
-31717
-31741
-31759
-31759
-31783
-31783
-31793
-31841
-31843
-31855
-31865
-31871
-31873
-31881
-31881
-31881
-31891
-31901
-31903
-31909
-31913
-31931
-31937
-31939
-31943
-31947
-31947
-31955
-31979
-31989
-31991
-31999
-32007
-32011
-32011
-32017
-32019
-32019
-32037
-32039
-32041
-32049
-32051
-32053
-32061
-32065
-32071
-32085
-32085
-32097
-32103
-32105
-32109
-32117
-32125
-32141
-32151
-32165
-32179
-32193
-32207
-32233
-32239
-32243
-32247
-32271
-32277
-32301
-32321
-32325
-32325
-32327
-32329
-32353
-32357
-32365
-32367
-32367
-32367
-32371
-32377
-32379
-32381
-32393
-32397
-32403
-32413
-32427
-32431
-32439
-32449
-32457
-32457
-32457
-32461
-32477
-32499
-32499
-32499
-32515
-32525
-32527
-32545
-32551
-32553
-32563
-32575
-32577
-32583
-32585
-32591
-32591
-32597
-32601
-32601
-32637
-32641
-32653
-32653
-32673
-32677
-32681
-32687
-32687
-32687
-32691
-32697
-32715
-32717
-32739
-32743
-32747
-32763
-32763
