32742
32728
32728
32632
32632
32572
32528
32506
32412
32402
32358
32316
32288
32288
32186
32186
32158
32028
32028
31956
31956
31898
31888
31858
31790
31790
31748
31742
31742
31736
31700
31700
31686
31676
31670
31634
31616
31616
31602
31602
31540
31532
31532
31502
31502
31482
31482
31470
31470
31454
31454
31452
31452
31418
31400
31334
31288
31080
31080
31014
31014
30944
30944
30912
30912
30912
30864
30864
30812
30646
30642
30640
30484
30394
30394
30276
30276
30228
30228
30218
30042
29972
29898
29898
29846
29846
29816
29784
29784
29782
29782
29766
29710
29710
29690
29690
29688
29688
29660
29652
29646
29646
29528
29514
29514
29452
29448
29448
29388
29372
29326
29296
29058
29042
29042
29008
28990
28930
28814
28814
28764
28758
28758
28732
28704
28662
28662
28640
28640
28600
28600
28582
28568
28568
28536
28536
28464
28464
28362
28362
28344
28344
28302
28302
28294
28294
28126
28094
28062
28062
28026
28020
28020
27920
27886
27886
27820
27820
27808
27792
27792
27654
27654
27616
27604
27600
27600
27596
27516
27496
27496
27478
27444
27444
27444
27398
27398
27362
27362
27306
27288
27236
27236
27152
27152
27148
27148
27122
27122
27068
27054
27048
27048
26914
26914
26880
26748
26716
26712
26712
26698
26698
26678
26678
26642
26642
26568
26548
26504
26504
26492
26492
26492
26406
26406
26398
26398
26346
26346
26304
26304
26229
26072
26048
25988
25932
25932
25898
25886
25836
25818
25818
25794
25786
25786
25680
25674
25642
25622
25600
25600
25598
25598
25538
25532
25454
25454
25216
25216
25160
25160
25084
24948
24880
24880
24840
24830
24818
24778
24778
24728
24672
24602
24588
24588
24548
24512
24418
24412
24378
24300
24296
24294
24276
24274
24190
24190
24102
24094
24040
24016
24016
23952
23952
23908
23908
23898
23898
23886
23886
23858
23704
23694
23680
23680
23672
23670
23642
23540
23526
23506
23436
23436
23390
23382
23382
23318
23296
23296
23254
23198
23174
23174
23142
23096
23044
23010
22942
22924
22912
22900
22900
22820
22802
22802
22788
22788
22784
22750
22732
22732
22658
22544
22544
22504
22438
22380
22380
22310
22276
22248
22248
22202
22202
22182
22122
22058
22056
21932
21932
21872
21872
21842
21772
21772
21748
21744
21648
21626
21626
21550
21470
21388
21360
21360
21320
21316
21306
21100
21100
21084
21084
21062
20984
20984
20892
20858
20840
20814
20774
20774
20772
20772
20700
20700
20658
20658
20562
20562
20528
20528
20496
20486
20486
20480
20452
20322
20322
20256
20232
20218
20192
20126
20058
19744
19744
19694
19694
19630
19628
19628
19500
19468
19390
19364
19362
19360
19360
19358
19358
19322
19320
19320
19316
19316
19302
19214
19146
19146
19128
19128
19084
19056
18958
18942
18938
18904
18904
18756
18756
18738
18596
18596
18574
18524
18524
18518
18486
18434
18398
18322
18180
18180
18180
18124
18124
18072
18050
18050
17958
17958
17894
17824
17794
17794
17794
17728
17722
17722
17666
17584
17584
17548
17546
17486
17486
17450
17450
17392
17392
17388
17312
17310
17310
17298
17188
17128
16910
16864
16864
16818
16818
16752
16670
16670
16650
16650
16488
16476
16460
16460
16446
16396
16330
16326
16326
16318
16018
15998
15998
15960
15954
15952
15880
15880
15880
15880
15834
15744
15744
15622
15618
15618
15614
15550
15542
15500
15500
15494
15494
15454
15442
15442
15440
15370
15242
15242
15230
15230
15228
15188
15188
15150
15150
15100
15100
15042
15042
15036
15036
14990
14954
14954
14922
14922
14754
14630
14586
14586
14526
14502
14502
14446
14418
14418
14350
14292
14278
14270
14234
14234
14194
14180
14162
14162
14130
14122
14122
14008
14008
13908
13908
13908
13908
13838
13838
13814
13786
13786
13606
13508
13504
13502
13478
13432
13432
13428
13428
13420
13374
13350
13324
13298
13266
13252
13238
13234
13234
13214
13214
13210
13170
13170
13160
13090
12976
12960
12960
12924
12916
12916
12850
12730
12730
12706
12706
12540
12536
12488
12488
12454
12426
12402
12392
12356
12356
12330
12330
12284
12140
12138
12126
12126
12108
12076
11748
11660
11574
11406
11390
11390
11388
11388
11360
11360
11352
11348
11348
11346
11346
11306
11266
11266
11132
11120
11104
11104
11060
11060
11044
11044
11016
11016
10954
10954
10944
10908
10908
10860
10840
10840
10746
10732
10658
10658
10568
10568
10566
10566
10552
10552
10518
10518
10516
10516
10484
10446
10446
10390
10390
10334
10334
10256
10230
10198
10198
10168
10132
9914
9824
9824
9808
9808
9728
9728
9702
9698
9698
9684
9684
9674
9674
9660
9660
9660
9636
9636
9602
9602
9522
9522
9488
9480
9446
9438
9432
9432
9402
9352
9222
9210
8856
8846
8836
8788
8788
8768
8762
8642
8642
8638
8638
8606
8606
8498
8432
8354
8350
8348
8348
8170
8118
8060
8056
8056
7986
7902
7880
7864
7708
7566
7556
7450
7450
7414
7330
7330
7320
7320
7318
7318
7314
7216
7204
7172
7172
7168
7150
7150
7122
7122
7118
7014
6964
6850
6802
6802
6802
6748
6744
6616
6614
6614
6582
6540
6540
6494
6494
6492
6492
6402
6402
6382
6362
6360
6270
6270
6212
6084
6084
6056
5932
5876
5876
5802
5802
5798
5798
5762
5762
5748
5748
5714
5714
5708
5692
5692
5642
5642
5600
5600
5598
5598
5556
5556
5536
5536
5524
5524
5516
5516
5500
5466
5466
5450
5450
5442
5442
5370
5370
5336
5322
5200
5200
5142
5142
5138
5130
5096
5096
5012
5012
4810
4810
4772
4772
4728
4728
4656
4656
4640
4586
4586
4550
4550
4516
4516
4466
4466
4432
4432
4430
4430
4326
4326
4296
4296
4270
4108
4064
4016
3934
3932
3864
3864
3822
3818
3810
3810
3772
3768
3736
3664
3664
3552
3522
3522
3520
3494
3494
3486
3486
3456
3388
3376
3370
3338
3258
3258
3190
3190
3094
3048
3048
3024
3024
2996
2996
2890
2878
2864
2702
2694
2680
2680
2546
2510
2508
2508
2466
2460
2460
2414
2362
2276
2244
2200
2200
2112
1980
1956
1824
1818
1766
1758
1730
1730
1704
1660
1598
1580
1560
1554
1554
1538
1446
1432
1432
1382
1352
1328
1328
1266
1266
1242
1234
1188
1166
1166
1162
1162
1088
1086
1086
1024
1024
932
790
784
738
698
698
696
696
674
640
626
626
592
588
530
530
404
404
350
350
346
346
320
304
268
264
118
-11
-165
-175
-185
-185
-239
-257
-257
-295
-357
-357
-385
-413
-413
-417
-429
-475
-685
-699
-829
-871
-893
-893
-897
-897
-965
-965
-969
-969
-975
-977
-1129
-1147
-1167
-1189
-1211
-1211
-1247
-1267
-1359
-1359
-1413
-1433
-1433
-1463
-1463
-1475
-1493
-1493
-1513
-1521
-1603
-1621
-1631
-1631
-1661
-1685
-1685
-1715
-1715
-1721
-1725
-1785
-1789
-1789
-1789
-1805
-1883
-1883
-1889
-1889
-1921
-1921
-1985
-1985
-1997
-2085
-2127
-2173
-2219
-2221
-2221
-2247
-2481
-2489
-2495
-2495
-2501
-2511
-2513
-2555
-2555
-2633
-2691
-2691
-2721
-2721
-2747
-2747
-2789
-2789
-2841
-2841
-2917
-2917
-2977
-3119
-3139
-3147
-3221
-3267
-3315
-3315
-3397
-3403
-3411
-3411
-3415
-3449
-3469
-3469
-3483
-3483
-3497
-3517
-3517
-3577
-3577
-3737
-3741
-3741
-3757
-3757
-3841
-3841
-3921
-3921
-4013
-4033
-4033
-4107
-4115
-4143
-4143
-4409
-4409
-4437
-4445
-4575
-4575
-4667
-4671
-4761
-4761
-4773
-4773
-4883
-4883
-4895
-4925
-4925
-4933
-4933
-4981
-5011
-5043
-5043
-5049
-5049
-5049
-5049
-5071
-5075
-5099
-5175
-5197
-5231
-5231
-5245
-5287
-5287
-5295
-5357
-5357
-5391
-5391
-5459
-5475
-5479
-5627
-5627
-5643
-5663
-5663
-5725
-5933
-5933
-5947
-5947
-5985
-6023
-6051
-6175
-6193
-6275
-6285
-6345
-6347
-6347
-6375
-6393
-6437
-6437
-6473
-6473
-6497
-6507
-6531
-6543
-6543
-6561
-6561
-6561
-6649
-6717
-6717
-6749
-6755
-6757
-6757
-6857
-6857
-6861
-6861
-6897
-6923
-6923
-6989
-7035
-7073
-7081
-7157
-7157
-7197
-7267
-7267
-7319
-7459
-7459
-7471
-7477
-7493
-7493
-7507
-7525
-7539
-7659
-7723
-7729
-7729
-7877
-7927
-8109
-8109
-8133
-8133
-8141
-8141
-8151
-8161
-8161
-8195
-8251
-8261
-8261
-8357
-8393
-8393
-8423
-8423
-8427
-8553
-8571
-8571
-8575
-8575
-8589
-8589
-8627
-8665
-8799
-8799
-8939
-8939
-8949
-8949
-9043
-9161
-9161
-9173
-9173
-9233
-9237
-9257
-9279
-9437
-9515
-9547
-9547
-9553
-9553
-9591
-9599
-9599
-9699
-9719
-9735
-9735
-9807
-9837
-9837
-9839
-9839
-9977
-10023
-10135
-10179
-10183
-10215
-10227
-10227
-10303
-10303
-10363
-10363
-10403
-10419
-10419
-10439
-10455
-10467
-10467
-10529
-10565
-10595
-10605
-10605
-10633
-10651
-10651
-10665
-10665
-10737
-10771
-10771
-10907
-10907
-10959
-11005
-11005
-11009
-11009
-11013
-11013
-11041
-11041
-11067
-11127
-11207
-11327
-11327
-11497
-11581
-11581
-11667
-11675
-11679
-11679
-11679
-11679
-11699
-11725
-11783
-11783
-11815
-11815
-11839
-11855
-11899
-12017
-12059
-12059
-12077
-12089
-12089
-12103
-12103
-12183
-12183
-12185
-12185
-12283
-12307
-12481
-12481
-12525
-12533
-12623
-12623
-12623
-12623
-12793
-12793
-12831
-12883
-12887
-12887
-12985
-12985
-13047
-13047
-13181
-13181
-13207
-13207
-13331
-13397
-13403
-13651
-13651
-13743
-13757
-13761
-13761
-13817
-13849
-13877
-13931
-14013
-14089
-14117
-14117
-14201
-14201
-14335
-14341
-14341
-14389
-14389
-14495
-14663
-14739
-14827
-14827
-14855
-14855
-14949
-14977
-15021
-15105
-15141
-15187
-15205
-15261
-15315
-15315
-15487
-15489
-15505
-15587
-15587
-15617
-15627
-15627
-15681
-15731
-15731
-15783
-15813
-15813
-15893
-15893
-15913
-15971
-16013
-16121
-16121
-16169
-16169
-16171
-16175
-16175
-16189
-16189
-16197
-16197
-16235
-16247
-16285
-16311
-16311
-16363
-16375
-16419
-16419
-16433
-16433
-16441
-16473
-16595
-16651
-16653
-16653
-16657
-16657
-16727
-16727
-16727
-16727
-16733
-16733
-16771
-16879
-17003
-17069
-17313
-17323
-17323
-17413
-17443
-17469
-17469
-17491
-17491
-17541
-17559
-17589
-17589
-17601
-17651
-17671
-17679
-17679
-17729
-17729
-17761
-17853
-17853
-17887
-17887
-17951
-18023
-18023
-18133
-18185
-18203
-18205
-18205
-18233
-18233
-18249
-18249
-18259
-18259
-18271
-18335
-18387
-18423
-18423
-18431
-18471
-18503
-18503
-18517
-18545
-18591
-18651
-18749
-18749
-18801
-18801
-18907
-18947
-18947
-18959
-18961
-19031
-19031
-19105
-19105
-19133
-19141
-19313
-19333
-19385
-19423
-19423
-19555
-19555
-19559
-19559
-19631
-19631
-19635
-19653
-19661
-19661
-19805
-19841
-19883
-19883
-19945
-19953
-19953
-20125
-20191
-20197
-20227
-20283
-20337
-20337
-20341
-20341
-20393
-20393
-20421
-20445
-20453
-20481
-20537
-20563
-20563
-20579
-20579
-20625
-20625
-20657
-20795
-20795
-20797
-20841
-20847
-20927
-20927
-20929
-20949
-20949
-20973
-20973
-21005
-21005
-21079
-21079
-21133
-21133
-21243
-21247
-21247
-21303
-21419
-21419
-21419
-21447
-21505
-21531
-21679
-21733
-21765
-21839
-21839
-21839
-21847
-21881
-21887
-21887
-21939
-21939
-21945
-21945
-21951
-21967
-21967
-22027
-22027
-22073
-22235
-22285
-22335
-22335
-22335
-22343
-22347
-22381
-22381
-22381
-22463
-22581
-22589
-22589
-22629
-22629
-22725
-22725
-22757
-22771
-22783
-22977
-23055
-23055
-23075
-23115
-23217
-23221
-23221
-23225
-23225
-23235
-23235
-23315
-23471
-23471
-23521
-23639
-23749
-23805
-23837
-24001
-24001
-24069
-24069
-24111
-24123
-24365
-24439
-24449
-24449
-24451
-24483
-24483
-24501
-24547
-24547
-24561
-24571
-24571
-24661
-24661
-24695
-24703
-24755
-24755
-24823
-24851
-24851
-24869
-24881
-24887
-24891
-24891
-24915
-24915
-24919
-25027
-25027
-25031
-25109
-25185
-25185
-25261
-25271
-25275
-25291
-25291
-25313
-25457
-25483
-25511
-25523
-25523
-25537
-25537
-25555
-25681
-25681
-25737
-25775
-25775
-25813
-25825
-25831
-25831
-25861
-25919
-25931
-25973
-25973
-26005
-26007
-26013
-26013
-26121
-26143
-26155
-26155
-26169
-26169
-26229
-26257
-26257
-26299
-26309
-26309
-26487
-26487
-26511
-26703
-26703
-26805
-26815
-26815
-26841
-26919
-26919
-26925
-26935
-26935
-26957
-27005
-27061
-27061
-27089
-27121
-27121
-27195
-27293
-27293
-27365
-27381
-27393
-27393
-27395
-27397
-27397
-27401
-27431
-27431
-27501
-27519
-27529
-27533
-27533
-27559
-27559
-27603
-27629
-27629
-27631
-27631
-27715
-27715
-27723
-27723
-27727
-27731
-27751
-27833
-27833
-27837
-27861
-27861
-27913
-27933
-27987
-27987
-28011
-28083
-28083
-28105
-28105
-28125
-28143
-28143
-28163
-28245
-28245
-28311
-28389
-28445
-28445
-28523
-28567
-28575
-28595
-28603
-28603
-28671
-28795
-28849
-28877
-28877
-28905
-28905
-28933
-28943
-28943
-28977
-29021
-29021
-29085
-29085
-29115
-29115
-29183
-29209
-29209
-29229
-29229
-29271
-29297
-29297
-29315
-29355
-29439
-29451
-29451
-29531
-29531
-29559
-29595
-29595
-29607
-29689
-29703
-29703
-29741
-29745
-29749
-29749
-29881
-29925
-29943
-29985
-29985
-30025
-30025
-30089
-30129
-30129
-30167
-30167
-30185
-30185
-30255
-30255
-30291
-30291
-30295
-30297
-30423
-30449
-30449
-30539
-30557
-30557
-30565
-30565
-30575
-30575
-30643
-30643
-30767
-30795
-30867
-30867
-30909
-31021
-31021
-31063
-31063
-31173
-31193
-31265
-31313
-31319
-31335
-31431
-31431
-31433
-31433
-31479
-31479
-31495
-31513
-31513
-31539
-31581
-31595
-31671
-31843
-31891
-31943
-31947
-32019
-32019
-32053
-32053
-32141
-32141
-32321
-32325
-32329
-32329
-32353
-32367
-32427
-32457
-32461
-32461
-32477
-32545
-32585
-32585
-32743
-32747
-32747
