32182
31806
31334
31320
31256
31060
30680
30396
30382
30264
30036
29978
29616
29506
29484
29300
29244
28444
27922
27898
27594
27546
27502
27476
27380
26734
25938
24802
23892
23490
23416
23322
23058
22340
21528
21256
21200
20014
19822
19642
19488
19296
18864
18384
18144
18038
17562
17134
17084
17010
16880
16620
16324
16280
16214
16122
15740
15482
15358
15230
15086
14654
14486
14380
14190
14098
13946
13654
13040
12484
12406
12404
11778
11742
11722
11282
10868
10766
10554
10524
10310
10240
10176
10022
9584
9244
8904
8784
8740
8690
7876
7640
7366
7346
7220
6954
6948
6774
6476
6284
6244
6008
5656
5492
5230
4798
4448
3944
3880
3546
3488
3424
3280
2924
2292
2288
2260
2142
1136
1126
912
628
536
520
124
-701
-977
-1151
-1689
-1711
-1719
-1873
-1953
-2147
-2405
-3229
-3381
-3459
-3583
-3651
-4535
-5027
-5149
-5517
-5575
-6549
-6683
-6755
-6941
-7297
-7457
-7563
-7801
-8211
-8265
-9175
-9463
-9501
-9525
-9797
-10177
-10439
-10931
-11109
-11217
-11371
-12075
-13021
-13035
-13813
-13905
-13945
-14029
-14167
-14375
-14455
-14483
-14911
-14983
-15053
-15447
-15593
-15753
-16039
-16333
-16377
-16415
-16717
-16791
-17273
-17605
-17779
-17821
-18529
-18809
-18837
-19443
-19451
-19481
-19675
-20135
-20249
-20879
-21085
-21189
-21235
-21571
-21691
-22015
-22679
-22787
-23063
-23151
-23245
-24071
-24267
-24425
-24481
-24873
-25179
-25439
-25527
-25537
-25681
-25841
-25987
-26053
-26091
-26155
-26443
-26667
-26755
-26783
-27217
-27245
-27845
-27949
-28213
-28225
-29125
-29351
-29929
-30089
-30655
-31053
-31265
-31407
-31453
-31725
-31895
-31987
-32169
-32179
-32375
-32429
-32733
