32762
32762
32742
32728
32728
32726
32714
32632
32616
32572
32570
32570
32546
32546
32528
32526
32526
32526
32506
32484
32446
32446
32412
32412
32412
32402
32398
32396
32382
32358
32316
32314
32288
32284
32284
32244
32238
32186
32164
32164
32164
32158
32108
32100
32088
32048
32048
32048
32048
32038
32028
31982
31974
31974
31956
31928
31910
31898
31888
31858
31812
31790
31790
31790
31780
31776
31774
31748
31746
31742
31736
31734
31714
31708
31708
31700
31690
31686
31684
31684
31676
31674
31670
31634
31634
31634
31618
31616
31602
31602
31594
31590
31586
31584
31584
31584
31566
31540
31532
31504
31502
31482
31470
31464
31454
31452
31424
31424
31418
31400
31358
31358
31334
31290
31288
31260
31260
31258
31252
31168
31168
31120
31120
31086
31080
31046
31014
30986
30944
30916
30912
30912
30900
30900
30898
30866
30866
30864
30844
30812
30792
30790
30752
30752
30742
30722
30722
30704
30698
30698
30646
30642
30640
30632
30550
30518
30486
30484
30472
30432
30398
30394
30360
30344
30304
30304
30276
30274
30238
30228
30218
30216
30216
30210
30200
30152
30152
30152
30070
30068
30042
30040
30008
29976
29976
29972
29964
29964
29954
29928
29928
29906
29898
29862
29862
29850
29846
29834
29834
29818
29816
29784
29782
29766
29744
29738
29738
29722
29716
29716
29710
29690
29688
29670
29670
29660
29652
29652
29652
29646
29562
29528
29514
29452
29448
29438
29438
29426
29402
29388
29372
29358
29344
29344
29326
29320
29320
29314
29310
29296
29258
29258
29250
29246
29246
29238
29236
29232
29058
29042
29040
29008
29008
28990
28930
28878
28878
28814
28764
28758
28756
28756
28736
28732
28732
28704
28694
28662
28640
28636
28600
28582
28568
28536
28530
28508
28464
28450
28450
28428
28420
28420
28366
28364
28364
28362
28344
28302
28298
28298
28294
28266
28266
28232
28226
28226
28182
28182
28176
28162
28162
28136
28126
28112
28094
28090
28090
28084
28084
28062
28026
28020
27980
27980
27962
27962
27952
27930
27924
27920
27890
27890
27886
27870
27870
27862
27862
27844
27820
27808
27792
27728
27702
27662
27662
27654
27616
27604
27604
27600
27600
27596
27584
27516
27514
27496
27494
27478
27458
27458
27444
27444
27444
27444
27404
27404
27398
27396
27396
27362
27346
27312
27306
27306
27306
27298
27288
27284
27272
27238
27238
27236
27234
27230
27166
27166
27152
27148
27122
27092
27068
27056
27054
27054
27050
27048
27036
27036
27024
27002
26996
26930
26916
26916
26914
26900
26880
26870
26762
26762
26748
26718
26716
26712
26698
26698
26678
26676
26642
26610
26584
26584
26580
26568
26548
26536
26504
26492
26492
26490
26406
26402
26398
26394
26346
26340
26340
26304
26286
26272
26272
26250
26208
26124
26120
26120
26080
26072
26048
26042
26042
26000
25988
25968
25968
25966
25966
25962
25948
25938
25932
25898
25886
25836
25818
25794
25786
25764
25764
25758
25748
25744
25718
25716
25716
25680
25674
25660
25642
25622
25600
25598
25570
25564
25564
25558
25538
25532
25454
25454
25334
25236
25216
25160
25144
25144
25114
25090
25084
25080
25038
24948
24918
24880
24876
24876
24868
24840
24832
24830
24824
24818
24786
24782
24778
24742
24728
24694
24672
24628
24628
24628
24610
24602
24588
24588
24570
24570
24548
24512
24494
24484
24418
24414
24414
24414
24412
24394
24378
24376
24300
24296
24294
24276
24276
24274
24270
24262
24252
24252
24250
24244
24244
24238
24200
24190
24124
24124
24102
24094
24060
24040
24016
23998
23952
23908
23908
23900
23898
23886
23858
23856
23830
23830
23816
23800
23784
23754
23754
23732
23704
23694
23694
23680
23672
23670
23642
23608
23560
23556
23556
23544
23544
23540
23526
23520
23506
23492
23482
23480
23472
23436
23434
23406
23406
23390
23382
23378
23336
23318
23296
23292
23292
23280
23254
23252
23252
23228
23210
23210
23198
23174
23142
23112
23096
23090
23044
23022
23010
22994
22974
22974
22964
22964
22950
22944
22942
22924
22912
22906
22904
22900
22870
22824
22820
22804
22802
22788
22784
22750
22732
22720
22708
22686
22658
22646
22640
22640
22594
22594
22544
22504
22446
22446
22438
22380
22344
22334
22334
22334
22310
22304
22302
22288
22276
22248
22206
22202
22186
22182
22180
22180
22122
22112
22112
22078
22058
22056
22056
22046
22004
21990
21990
21990
21990
21990
21990
21980
21968
21942
21932
21914
21914
21872
21842
21838
21838
21814
21814
21796
21772
21748
21744
21682
21682
21648
21626
21550
21550
21546
21546
21518
21486
21470
21470
21432
21388
21380
21360
21356
21356
21352
21346
21344
21338
21338
21320
21316
21306
21304
21256
21256
21216
21176
21100
21084
21084
21084
21072
21062
20984
20940
20916
20892
20866
20866
20858
20840
20814
20790
20790
20778
20774
20772
20768
20734
20700
20658
20630
20616
20600
20566
20562
20528
20498
20496
20486
20484
20480
20452
20452
20450
20432
20428
20400
20340
20340
20322
20294
20256
20240
20232
20218
20192
20168
20168
20138
20126
20108
20058
20018
19914
19886
19872
19866
19804
19778
19764
19744
19702
19694
19630
19628
19626
19618
19550
19536
19504
19500
19488
19488
19468
19466
19416
19402
19390
19364
19362
19360
19358
19322
19320
19316
19302
19288
19288
19252
19214
19194
19146
19136
19134
19128
19114
19086
19084
19080
19064
19060
19056
19054
19054
19044
18976
18958
18942
18938
18932
18932
18926
18910
18904
18882
18824
18802
18790
18768
18756
18738
18714
18714
18638
18596
18574
18570
18558
18536
18536
18526
18524
18518
18486
18474
18434
18398
18338
18338
18322
18286
18264
18248
18248
18236
18234
18234
18186
18180
18180
18156
18156
18152
18152
18124
18114
18072
18050
18022
17980
17958
17952
17926
17898
17894
17824
17820
17794
17794
17728
17728
17728
17722
17718
17690
17690
17666
17622
17622
17612
17612
17600
17584
17562
17550
17550
17548
17546
17540
17540
17518
17516
17508
17504
17486
17482
17450
17410
17392
17390
17388
17312
17310
17300
17298
17270
17248
17214
17210
17210
17188
17128
17118
17118
17052
17026
17020
17020
17004
16982
16980
16944
16932
16932
16926
16926
16910
16900
16892
16864
16862
16818
16818
16752
16748
16692
16688
16670
16664
16650
16526
16488
16476
16460
16446
16438
16416
16396
16336
16330
16326
16318
16284
16284
16282
16282
16238
16226
16182
16166
16166
16138
16018
16012
15998
15986
15960
15954
15952
15946
15912
15910
15910
15894
15880
15880
15840
15834
15818
15808
15808
15766
15766
15744
15726
15662
15626
15622
15618
15614
15594
15590
15554
15550
15542
15518
15518
15500
15500
15494
15458
15458
15454
15442
15440
15370
15364
15356
15330
15326
15320
15320
15302
15296
15296
15262
15262
15252
15252
15242
15230
15228
15218
15188
15162
15162
15158
15158
15150
15142
15142
15114
15114
15100
15096
15042
15036
14990
14970
14970
14960
14954
14950
14950
14936
14922
14916
14884
14846
14836
14822
14790
14782
14772
14754
14714
14630
14596
14586
14578
14564
14564
14540
14526
14518
14502
14502
14468
14468
14464
14446
14418
14412
14410
14350
14348
14292
14278
14272
14272
14270
14268
14234
14210
14196
14196
14194
14180
14162
14154
14154
14154
14146
14140
14140
14130
14122
14122
14094
14076
14076
14008
14004
13924
13908
13908
13844
13844
13838
13822
13814
13810
13802
13790
13786
13756
13742
13742
13688
13686
13658
13606
13552
13548
13548
13544
13544
13508
13504
13502
13478
13446
13432
13428
13420
13402
13400
13388
13374
13374
13368
13350
13324
13300
13300
13298
13294
13266
13264
13254
13252
13246
13246
13238
13234
13230
13218
13214
13210
13206
13200
13200
13170
13160
13142
13142
13102
13102
13100
13090
13084
12992
12992
12976
12976
12976
12962
12960
12924
12916
12866
12854
12852
12850
12846
12846
12832
12832
12828
12806
12802
12802
12776
12732
12730
12706
12698
12698
12656
12644
12610
12610
12596
12550
12540
12536
12488
12482
12482
12454
12426
12422
12402
12392
12390
12390
12356
12330
12298
12298
12296
12296
12284
12272
12272
12266
12266
12234
12188
12178
12176
12140
12138
12126
12108
12076
12014
11994
11994
11984
11962
11918
11912
11912
11912
11898
11884
11814
11814
11810
11796
11762
11748
11738
11674
11674
11674
11660
11580
11574
11574
11566
11560
11502
11496
11496
11486
11456
11456
11406
11390
11388
11370
11360
11352
11348
11346
11328
11328
11328
11326
11314
11314
11306
11268
11268
11266
11262
11208
11132
11120
11104
11090
11090
11062
11060
11058
11052
11044
11032
11028
11018
11016
10954
10952
10946
10946
10944
10918
10908
10896
10878
10872
10872
10872
10860
10840
10780
10746
10744
10742
10736
10732
10720
10720
10658
10568
10566
10552
10518
10516
10506
10484
10446
10446
10390
10382
10380
10380
10354
10334
10314
10300
10256
10244
10230
10198
10196
10176
10168
10152
10146
10140
10140
10136
10132
10110
10110
10070
10068
9980
9926
9922
9914
9888
9880
9854
9826
9824
9808
9800
9800
9760
9760
9728
9702
9698
9686
9684
9674
9674
9660
9660
9636
9610
9610
9602
9600
9560
9558
9558
9536
9530
9522
9494
9488
9484
9480
9460
9460
9446
9438
9432
9424
9422
9422
9412
9402
9352
9338
9306
9294
9288
9268
9222
9210
9170
9156
9108
9060
9044
9000
8934
8928
8928
8926
8916
8898
8856
8846
8836
8814
8812
8792
8788
8768
8762
8724
8720
8666
8642
8638
8606
8604
8602
8602
8598
8498
8434
8434
8432
8432
8394
8356
8354
8350
8348
8344
8224
8224
8200
8186
8170
8118
8102
8060
8056
7998
7986
7902
7880
7868
7864
7778
7772
7772
7740
7740
7708
7692
7690
7608
7608
7566
7564
7556
7542
7530
7530
7530
7476
7476
7450
7448
7414
7392
7392
7354
7330
7328
7328
7320
7318
7314
7314
7310
7310
7288
7288
7264
7264
7218
7216
7216
7208
7204
7186
7172
7168
7156
7156
7150
7126
7126
7122
7118
7080
7066
7052
7020
7020
7014
7000
6982
6982
6980
6976
6964
6960
6850
6802
6802
6756
6752
6752
6748
6748
6744
6716
6694
6660
6646
6616
6614
6582
6540
6538
6522
6508
6494
6492
6474
6462
6450
6440
6402
6388
6388
6382
6362
6360
6354
6304
6304
6302
6302
6292
6286
6270
6262
6248
6214
6214
6212
6174
6170
6140
6084
6078
6056
6024
6012
6012
6010
6002
5962
5950
5950
5936
5932
5898
5888
5876
5866
5830
5830
5804
5802
5798
5788
5766
5762
5748
5714
5708
5692
5692
5692
5684
5642
5624
5600
5598
5590
5564
5556
5538
5536
5524
5520
5520
5516
5512
5500
5468
5466
5450
5442
5438
5414
5370
5362
5360
5348
5344
5336
5322
5318
5270
5270
5270
5268
5240
5240
5238
5200
5198
5154
5142
5142
5142
5138
5138
5138
5130
5096
5060
5054
5036
5012
5004
5004
4996
4996
4980
4916
4894
4840
4840
4838
4814
4810
4802
4788
4772
4728
4712
4706
4686
4670
4656
4644
4644
4640
4588
4588
4586
4550
4550
4516
4504
4504
4492
4492
4466
4450
4432
4430
4426
4334
4332
4326
4304
4296
4288
4288
4276
4270
4262
4262
4242
4234
4212
4194
4192
4192
4108
4102
4094
4084
4064
4044
4044
4042
4016
3990
3934
3934
3934
3932
3874
3866
3864
3864
3822
3818
3810
3778
3772
3768
3746
3746
3736
3726
3720
3664
3660
3660
3650
3578
3578
3560
3552
3552
3522
3520
3494
3486
3456
3428
3428
3388
3376
3370
3354
3354
3338
3294
3264
3260
3258
3234
3208
3208
3192
3190
3136
3094
3088
3088
3048
3024
3010
3010
3008
3006
3006
3006
2996
2962
2942
2914
2900
2890
2878
2872
2864
2856
2810
2790
2790
2738
2734
2734
2714
2706
2702
2694
2694
2690
2690
2680
2672
2672
2670
2670
2660
2660
2622
2590
2590
2578
2548
2548
2546
2534
2532
2532
2510
2508
2466
2460
2434
2434
2414
2362
2360
2278
2276
2256
2250
2250
2244
2240
2232
2232
2206
2206
2200
2192
2178
2170
2170
2156
2120
2120
2112
2014
2000
2000
1980
1956
1956
1956
1954
1898
1880
1880
1834
1834
1824
1818
1804
1804
1798
1796
1778
1766
1758
1742
1730
1704
1674
1666
1660
1598
1598
1598
1592
1590
1580
1570
1560
1554
1554
1538
1536
1536
1498
1446
1438
1432
1424
1382
1376
1366
1366
1352
1336
1328
1328
1328
1326
1270
1266
1250
1250
1246
1242
1242
1234
1188
1170
1170
1166
1162
1158
1122
1088
1086
1040
1030
1026
1026
1024
1012
978
978
970
964
932
904
898
898
890
876
872
868
840
818
818
794
790
784
770
770
738
698
696
674
652
640
632
626
594
594
592
588
532
530
458
458
412
412
404
394
350
346
344
344
320
304
274
268
264
264
262
192
166
162
162
160
160
118
46
46
42
32
8
-11
-37
-71
-71
-71
-117
-149
-165
-171
-175
-185
-215
-219
-231
-239
-249
-251
-257
-275
-281
-295
-309
-321
-323
-341
-341
-353
-353
-357
-385
-413
-417
-429
-429
-475
-685
-691
-699
-711
-721
-745
-751
-769
-775
-777
-777
-783
-783
-823
-829
-863
-871
-893
-897
-913
-913
-935
-941
-949
-949
-965
-969
-975
-977
-991
-991
-995
-1007
-1053
-1069
-1069
-1079
-1095
-1095
-1105
-1105
-1119
-1129
-1135
-1147
-1167
-1189
-1211
-1237
-1247
-1249
-1249
-1267
-1273
-1273
-1279
-1279
-1283
-1285
-1307
-1307
-1359
-1379
-1399
-1413
-1433
-1455
-1463
-1475
-1493
-1513
-1517
-1517
-1521
-1549
-1569
-1569
-1595
-1603
-1621
-1631
-1661
-1665
-1685
-1685
-1715
-1721
-1725
-1753
-1773
-1785
-1789
-1789
-1805
-1813
-1855
-1883
-1889
-1893
-1893
-1921
-1925
-1929
-1929
-1953
-1953
-1967
-1985
-1997
-2013
-2027
-2027
-2085
-2093
-2093
-2127
-2131
-2173
-2193
-2213
-2219
-2221
-2235
-2245
-2247
-2267
-2285
-2295
-2313
-2325
-2347
-2347
-2419
-2455
-2455
-2481
-2483
-2489
-2495
-2501
-2511
-2513
-2547
-2547
-2553
-2555
-2571
-2605
-2607
-2625
-2633
-2643
-2689
-2691
-2709
-2709
-2721
-2731
-2731
-2745
-2747
-2787
-2787
-2789
-2841
-2853
-2857
-2917
-2933
-2949
-2957
-2963
-2977
-2993
-3017
-3017
-3029
-3035
-3061
-3061
-3119
-3139
-3147
-3221
-3265
-3267
-3289
-3315
-3315
-3315
-3365
-3365
-3397
-3397
-3397
-3403
-3409
-3411
-3415
-3443
-3449
-3469
-3475
-3479
-3479
-3483
-3497
-3513
-3517
-3527
-3527
-3531
-3535
-3547
-3559
-3559
-3577
-3583
-3615
-3619
-3627
-3629
-3629
-3639
-3737
-3741
-3757
-3819
-3841
-3855
-3875
-3921
-3941
-3941
-3943
-3945
-3945
-3965
-3991
-3991
-3997
-4011
-4013
-4015
-4015
-4033
-4033
-4033
-4063
-4077
-4097
-4105
-4107
-4115
-4135
-4143
-4169
-4171
-4185
-4219
-4219
-4241
-4259
-4273
-4275
-4301
-4301
-4361
-4387
-4409
-4411
-4423
-4427
-4427
-4437
-4445
-4447
-4527
-4527
-4541
-4575
-4595
-4601
-4639
-4639
-4667
-4669
-4669
-4671
-4675
-4753
-4753
-4761
-4767
-4773
-4787
-4803
-4817
-4817
-4833
-4883
-4895
-4901
-4901
-4925
-4933
-4979
-4981
-5011
-5033
-5033
-5043
-5049
-5049
-5049
-5071
-5075
-5085
-5099
-5107
-5123
-5123
-5175
-5197
-5223
-5231
-5245
-5255
-5255
-5257
-5287
-5287
-5295
-5301
-5315
-5353
-5357
-5391
-5401
-5459
-5475
-5479
-5543
-5561
-5561
-5607
-5627
-5639
-5639
-5643
-5663
-5695
-5695
-5713
-5725
-5771
-5819
-5819
-5837
-5873
-5883
-5887
-5933
-5947
-5985
-6023
-6051
-6065
-6073
-6073
-6103
-6137
-6175
-6193
-6231
-6253
-6275
-6281
-6281
-6285
-6289
-6345
-6347
-6357
-6369
-6375
-6383
-6383
-6393
-6419
-6437
-6473
-6497
-6503
-6507
-6531
-6543
-6555
-6555
-6561
-6561
-6585
-6631
-6645
-6645
-6649
-6689
-6717
-6733
-6739
-6749
-6755
-6757
-6805
-6857
-6861
-6869
-6869
-6871
-6897
-6923
-6989
-7023
-7033
-7035
-7041
-7051
-7057
-7059
-7059
-7073
-7073
-7081
-7087
-7109
-7109
-7157
-7197
-7237
-7249
-7267
-7297
-7319
-7359
-7405
-7421
-7431
-7459
-7459
-7471
-7477
-7493
-7507
-7507
-7507
-7525
-7539
-7613
-7615
-7659
-7681
-7681
-7691
-7707
-7723
-7723
-7729
-7731
-7743
-7743
-7761
-7767
-7783
-7807
-7823
-7859
-7859
-7877
-7889
-7897
-7899
-7921
-7927
-7929
-7969
-7969
-7977
-7977
-7979
-7989
-7991
-7991
-8009
-8009
-8049
-8049
-8109
-8133
-8141
-8151
-8161
-8185
-8195
-8209
-8209
-8251
-8261
-8273
-8273
-8307
-8307
-8311
-8339
-8357
-8365
-8393
-8401
-8423
-8427
-8427
-8441
-8441
-8445
-8543
-8553
-8571
-8575
-8579
-8589
-8625
-8627
-8665
-8683
-8701
-8749
-8799
-8895
-8909
-8939
-8949
-8999
-9017
-9017
-9021
-9043
-9051
-9077
-9077
-9093
-9093
-9101
-9155
-9161
-9173
-9183
-9183
-9185
-9185
-9211
-9227
-9233
-9237
-9257
-9279
-9295
-9437
-9475
-9475
-9485
-9485
-9515
-9541
-9545
-9547
-9553
-9573
-9589
-9591
-9599
-9605
-9611
-9611
-9615
-9669
-9699
-9719
-9735
-9753
-9773
-9785
-9791
-9807
-9809
-9837
-9839
-9863
-9895
-9897
-9973
-9973
-9977
-10023
-10031
-10033
-10033
-10063
-10073
-10073
-10089
-10095
-10095
-10135
-10179
-10183
-10195
-10215
-10227
-10239
-10271
-10271
-10303
-10331
-10331
-10363
-10365
-10403
-10419
-10439
-10455
-10467
-10471
-10477
-10477
-10481
-10481
-10529
-10529
-10547
-10557
-10565
-10565
-10569
-10595
-10605
-10605
-10633
-10651
-10657
-10665
-10691
-10691
-10703
-10727
-10737
-10765
-10765
-10767
-10771
-10783
-10805
-10805
-10811
-10827
-10863
-10877
-10881
-10907
-10911
-10919
-10925
-10933
-10959
-10997
-10997
-11001
-11005
-11009
-11013
-11041
-11061
-11067
-11079
-11127
-11167
-11197
-11197
-11207
-11213
-11327
-11375
-11375
-11415
-11425
-11451
-11455
-11471
-11493
-11497
-11551
-11551
-11581
-11601
-11601
-11603
-11651
-11655
-11667
-11675
-11679
-11679
-11699
-11725
-11783
-11787
-11789
-11809
-11815
-11821
-11829
-11833
-11839
-11855
-11855
-11863
-11867
-11899
-11901
-11911
-11911
-11913
-12017
-12051
-12059
-12077
-12081
-12089
-12103
-12183
-12183
-12185
-12207
-12231
-12231
-12241
-12257
-12257
-12263
-12283
-12307
-12333
-12333
-12359
-12373
-12413
-12425
-12431
-12431
-12449
-12449
-12461
-12481
-12525
-12533
-12597
-12597
-12597
-12623
-12623
-12643
-12661
-12729
-12729
-12769
-12793
-12813
-12823
-12823
-12831
-12839
-12847
-12853
-12867
-12883
-12887
-12887
-12977
-12985
-13011
-13027
-13029
-13047
-13095
-13137
-13137
-13157
-13157
-13173
-13173
-13181
-13197
-13207
-13253
-13279
-13301
-13331
-13371
-13371
-13377
-13397
-13403
-13421
-13421
-13435
-13487
-13499
-13501
-13515
-13527
-13559
-13559
-13595
-13649
-13649
-13651
-13655
-13693
-13743
-13747
-13747
-13757
-13761
-13817
-13849
-13877
-13893
-13893
-13923
-13923
-13931
-14003
-14013
-14021
-14049
-14049
-14085
-14089
-14117
-14173
-14201
-14201
-14205
-14205
-14295
-14319
-14333
-14333
-14335
-14341
-14347
-14347
-14355
-14355
-14389
-14463
-14469
-14469
-14495
-14497
-14497
-14499
-14603
-14603
-14641
-14647
-14663
-14663
-14735
-14739
-14763
-14763
-14809
-14827
-14827
-14827
-14855
-14865
-14891
-14923
-14925
-14925
-14949
-14951
-14951
-14959
-14973
-14973
-14977
-14979
-14981
-14995
-14995
-15021
-15037
-15047
-15047
-15105
-15127
-15141
-15149
-15173
-15187
-15205
-15219
-15225
-15225
-15225
-15249
-15255
-15261
-15267
-15273
-15315
-15391
-15391
-15405
-15413
-15467
-15485
-15485
-15487
-15489
-15505
-15587
-15605
-15617
-15627
-15655
-15655
-15655
-15655
-15667
-15681
-15731
-15741
-15775
-15783
-15785
-15799
-15811
-15813
-15825
-15849
-15859
-15861
-15871
-15893
-15901
-15913
-15937
-15937
-15941
-15971
-15993
-16003
-16009
-16009
-16011
-16011
-16013
-16033
-16077
-16095
-16097
-16101
-16121
-16121
-16169
-16171
-16173
-16175
-16175
-16175
-16189
-16197
-16235
-16247
-16255
-16285
-16287
-16309
-16311
-16341
-16349
-16349
-16363
-16375
-16389
-16395
-16395
-16399
-16419
-16427
-16433
-16441
-16455
-16473
-16477
-16541
-16551
-16555
-16561
-16581
-16581
-16585
-16595
-16633
-16651
-16653
-16657
-16707
-16707
-16727
-16727
-16733
-16771
-16789
-16835
-16851
-16867
-16879
-16893
-16895
-16921
-16931
-16939
-16939
-16993
-17003
-17033
-17033
-17063
-17069
-17099
-17101
-17149
-17185
-17215
-17223
-17243
-17275
-17301
-17301
-17301
-17303
-17307
-17313
-17323
-17345
-17345
-17413
-17443
-17469
-17477
-17489
-17489
-17491
-17517
-17517
-17541
-17559
-17589
-17601
-17605
-17619
-17619
-17627
-17651
-17671
-17679
-17701
-17701
-17729
-17761
-17853
-17879
-17879
-17887
-17891
-17891
-17933
-17933
-17945
-17945
-17951
-17963
-17967
-17971
-18023
-18123
-18131
-18133
-18133
-18133
-18165
-18185
-18203
-18205
-18233
-18249
-18259
-18271
-18279
-18291
-18307
-18321
-18321
-18335
-18337
-18337
-18355
-18387
-18423
-18429
-18429
-18431
-18465
-18465
-18471
-18503
-18517
-18517
-18545
-18557
-18573
-18591
-18593
-18611
-18611
-18635
-18635
-18643
-18649
-18651
-18677
-18749
-18789
-18795
-18801
-18803
-18811
-18811
-18819
-18831
-18831
-18849
-18861
-18873
-18877
-18897
-18907
-18947
-18959
-18961
-19031
-19095
-19095
-19095
-19105
-19133
-19141
-19147
-19157
-19157
-19171
-19171
-19259
-19259
-19263
-19273
-19287
-19299
-19313
-19315
-19329
-19333
-19345
-19345
-19385
-19393
-19411
-19423
-19449
-19449
-19451
-19475
-19513
-19513
-19553
-19555
-19559
-19561
-19575
-19631
-19635
-19653
-19655
-19661
-19693
-19693
-19725
-19805
-19837
-19841
-19849
-19859
-19859
-19859
-19861
-19873
-19883
-19935
-19945
-19953
-19983
-19993
-19999
-20037
-20125
-20161
-20169
-20191
-20191
-20197
-20227
-20251
-20281
-20283
-20283
-20323
-20337
-20337
-20337
-20341
-20345
-20391
-20393
-20393
-20421
-20445
-20453
-20465
-20481
-20531
-20537
-20539
-20563
-20579
-20597
-20625
-20629
-20629
-20657
-20725
-20741
-20761
-20793
-20793
-20795
-20797
-20807
-20807
-20815
-20839
-20841
-20847
-20855
-20855
-20875
-20875
-20893
-20893
-20911
-20915
-20919
-20927
-20929
-20933
-20933
-20935
-20949
-20971
-20971
-20973
-21005
-21035
-21045
-21079
-21117
-21119
-21123
-21131
-21133
-21153
-21187
-21195
-21243
-21247
-21303
-21355
-21371
-21379
-21411
-21413
-21419
-21419
-21439
-21447
-21457
-21457
-21461
-21505
-21531
-21551
-21583
-21603
-21613
-21619
-21655
-21679
-21733
-21761
-21765
-21775
-21783
-21783
-21839
-21839
-21847
-21869
-21881
-21887
-21895
-21895
-21939
-21945
-21951
-21967
-21981
-22003
-22027
-22031
-22073
-22101
-22105
-22111
-22123
-22223
-22235
-22257
-22263
-22283
-22285
-22309
-22319
-22319
-22335
-22335
-22343
-22343
-22347
-22351
-22351
-22359
-22359
-22381
-22381
-22401
-22401
-22423
-22439
-22463
-22483
-22501
-22513
-22577
-22577
-22579
-22581
-22581
-22589
-22603
-22611
-22617
-22629
-22633
-22653
-22653
-22663
-22663
-22667
-22711
-22725
-22735
-22757
-22771
-22783
-22787
-22787
-22795
-22829
-22831
-22831
-22833
-22833
-22833
-22909
-22965
-22967
-22977
-23039
-23055
-23067
-23075
-23095
-23099
-23113
-23113
-23115
-23173
-23217
-23219
-23221
-23225
-23235
-23299
-23309
-23311
-23315
-23361
-23361
-23431
-23463
-23471
-23485
-23521
-23551
-23569
-23595
-23639
-23703
-23703
-23715
-23727
-23749
-23761
-23767
-23805
-23811
-23837
-23843
-23877
-23883
-23885
-23905
-23913
-23927
-23931
-23935
-23935
-23979
-24001
-24013
-24013
-24069
-24071
-24093
-24093
-24101
-24101
-24111
-24123
-24139
-24147
-24215
-24221
-24241
-24255
-24255
-24259
-24283
-24283
-24315
-24315
-24317
-24337
-24347
-24349
-24365
-24393
-24433
-24433
-24435
-24439
-24449
-24451
-24457
-24459
-24459
-24483
-24493
-24493
-24497
-24501
-24547
-24557
-24561
-24571
-24599
-24609
-24647
-24655
-24655
-24661
-24667
-24667
-24671
-24671
-24687
-24695
-24703
-24749
-24749
-24755
-24755
-24807
-24823
-24851
-24855
-24869
-24881
-24887
-24889
-24891
-24915
-24919
-24933
-24991
-25027
-25031
-25059
-25059
-25083
-25085
-25085
-25109
-25113
-25161
-25185
-25261
-25267
-25267
-25271
-25275
-25291
-25313
-25315
-25335
-25335
-25361
-25361
-25415
-25457
-25483
-25511
-25523
-25537
-25553
-25555
-25555
-25605
-25605
-25607
-25681
-25689
-25703
-25705
-25707
-25707
-25737
-25763
-25775
-25813
-25825
-25831
-25861
-25917
-25919
-25931
-25961
-25973
-26005
-26007
-26013
-26017
-26121
-26143
-26149
-26155
-26155
-26169
-26191
-26191
-26229
-26233
-26257
-26299
-26303
-26309
-26395
-26443
-26461
-26461
-26473
-26487
-26511
-26565
-26579
-26627
-26641
-26665
-26703
-26727
-26727
-26767
-26767
-26805
-26815
-26817
-26841
-26849
-26911
-26919
-26925
-26935
-26939
-26957
-27005
-27055
-27057
-27061
-27067
-27089
-27121
-27131
-27195
-27197
-27197
-27231
-27231
-27231
-27251
-27251
-27293
-27295
-27319
-27321
-27325
-27361
-27365
-27381
-27393
-27395
-27397
-27401
-27419
-27425
-27431
-27431
-27437
-27437
-27467
-27501
-27507
-27519
-27527
-27527
-27529
-27533
-27537
-27537
-27537
-27537
-27537
-27559
-27579
-27579
-27603
-27629
-27631
-27715
-27723
-27727
-27731
-27735
-27751
-27753
-27753
-27777
-27789
-27825
-27833
-27837
-27861
-27865
-27903
-27913
-27933
-27941
-27973
-27987
-27995
-27995
-28011
-28011
-28011
-28035
-28083
-28105
-28105
-28107
-28107
-28125
-28139
-28139
-28143
-28163
-28195
-28195
-28209
-28245
-28281
-28281
-28299
-28305
-28311
-28325
-28389
-28445
-28465
-28495
-28501
-28523
-28531
-28535
-28537
-28557
-28567
-28567
-28575
-28589
-28595
-28603
-28611
-28611
-28619
-28619
-28671
-28685
-28685
-28705
-28709
-28709
-28795
-28813
-28849
-28877
-28899
-28905
-28933
-28943
-28977
-28989
-29021
-29033
-29043
-29043
-29049
-29061
-29073
-29081
-29085
-29113
-29113
-29115
-29165
-29169
-29183
-29185
-29185
-29209
-29219
-29229
-29237
-29271
-29297
-29305
-29315
-29329
-29355
-29409
-29409
-29437
-29439
-29451
-29497
-29531
-29559
-29577
-29577
-29595
-29603
-29603
-29607
-29657
-29689
-29699
-29699
-29703
-29739
-29741
-29745
-29749
-29875
-29875
-29881
-29891
-29925
-29925
-29925
-29943
-29975
-29985
-29985
-29987
-30009
-30009
-30025
-30089
-30129
-30167
-30185
-30221
-30255
-30279
-30279
-30287
-30287
-30291
-30295
-30297
-30297
-30297
-30305
-30319
-30319
-30341
-30341
-30353
-30353
-30381
-30381
-30381
-30385
-30423
-30423
-30423
-30449
-30461
-30489
-30539
-30557
-30565
-30575
-30593
-30593
-30607
-30607
-30607
-30623
-30627
-30643
-30667
-30673
-30673
-30675
-30683
-30683
-30725
-30767
-30769
-30795
-30801
-30849
-30867
-30909
-30921
-30953
-30973
-30973
-31021
-31039
-31063
-31067
-31121
-31143
-31143
-31173
-31179
-31193
-31213
-31235
-31241
-31265
-31313
-31319
-31335
-31379
-31431
-31433
-31477
-31479
-31491
-31491
-31495
-31513
-31525
-31539
-31569
-31581
-31595
-31619
-31619
-31621
-31671
-31679
-31679
-31759
-31759
-31843
-31865
-31865
-31873
-31873
-31891
-31901
-31903
-31937
-31939
-31943
-31947
-31999
-32007
-32007
-32019
-32019
-32019
-32037
-32037
-32039
-32041
-32049
-32051
-32053
-32065
-32071
-32097
-32097
-32141
-32151
-32165
-32207
-32207
-32239
-32271
-32321
-32325
-32329
-32353
-32367
-32403
-32413
-32413
-32427
-32431
-32431
-32457
-32461
-32477
-32499
-32525
-32527
-32545
-32551
-32563
-32577
-32585
-32601
-32637
-32653
-32673
-32673
-32687
-32743
-32747
