-8211
-11217
-31987
16620
-20879
16880
8740
-25841
-19451
15230
-9797
1136
28444
15740
3424
31256
13946
-29351
16214
5656
23058
31060
20014
6954
-26443
-26783
30382
3280
-26155
12484
3880
-13021
-24267
-23245
-22679
30264
21256
27502
-26091
-31453
124
-27949
3488
6948
-32429
-26053
-6549
10310
-3459
-15053
10524
-5149
10240
-18837
-31053
-26667
-12075
-13905
-1953
11742
-16717
-13945
17084
11282
4448
-23151
-15753
7640
-21189
-6755
6284
18038
-3381
10868
5492
-1711
27898
-23063
2288
22340
-25439
-701
7876
19642
-11109
18864
9244
2142
-1719
14654
19488
-14983
18144
29978
8904
-6683
30396
-3583
8690
30036
14380
14486
7346
16324
10766
27546
-29929
-16791
-27245
10554
-20249
-19481
2292
-30655
-14455
6008
-32169
19822
29506
11722
30680
29616
23892
-1873
6476
9584
-9463
15358
-29125
-27845
-16377
-28213
-20135
-977
-22787
21200
13040
-15593
10022
31334
2924
-13813
-25527
-16333
29484
23322
-21085
-32733
7220
-31895
3944
-32375
12404
-31725
6244
7366
16122
-21571
17134
-17605
-2405
520
-5575
11778
-17821
3546
-14375
-24481
-10177
-16039
27476
-5027
-18529
14098
17010
-24425
15086
536
-3229
-17779
26734
-21235
-9525
5230
628
31806
-7801
14190
8784
-25179
31320
23416
-26755
27922
-25987
-3651
12406
15482
-10439
-14911
-11371
-9501
17562
-9175
-32179
-14167
27380
-19443
-7457
-22015
19296
23490
10176
-8265
25938
32182
-25537
-13035
-21691
18384
-4535
-1151
-19675
-6941
-24071
-24873
13654
-7297
-1689
-18809
-7563
-10931
2260
-14483
-31265
-30089
27594
-5517
24802
6774
-31407
21528
-14029
-27217
912
-2147
1126
-15447
-28225
29244
-25681
29300
16280
-17273
-16415
4798
23768
9622
20328
6722
9072
-17055
3354
27908
10470
21840
5904
-1857
14094
1148
-11239
-21495
-22655
-3499
-15117
19624
-2375
-775
15130
18010
24542
-8313
14948
4066
-16985
-31759
-24013
17762
31712
-5537
16864
-32017
18018
2484
-29213
12602
-7303
27550
27280
2952
-26599
-2795
-22441
30080
-24441
10240
-2119
-4687
10830
23550
17942
1478
-6783
-14313
-2075
-11427
5220
24330
-13197
10770
30214
-8337
-24295
-28275
-4823
-21631
-19259
7006
-6049
-32707
-1993
26852
-27325
-931
29648
28696
-23685
23646
4772
-32463
-15371
13072
-26113
-22691
9228
-18133
-17055
2366
-5151
-28977
21254
-11221
10802
18864
15524
19442
-4151
-11465
-6941
-17271
-29211
10760
17890
14816
4088
-7533
-5125
10440
-16523
-30735
4684
2478
30696
31748
24452
4346
9836
-28549
-8983
-6715
1012
2894
-20961
-10675
6988
10308
13632
-10005
-10731
28762
26730
-13709
-10205
-5813
16388
-19713
3072
-23311
20464
-30871
-8307
-23641
870
-24183
31564
32420
31558
29906
-28553
-26689
9900
-2083
2634
-23079
-18885
30388
-28733
26518
26338
17764
-12121
20730
-15819
-29097
-22735
1554
21846
-9425
-30525
-4945
17208
-11405
-13605
-32389
9754
-23727
-18335
22198
1520
-15923
29002
-31569
3718
12156
12680
24198
-22619
-23009
-29675
18158
-13235
8296
21482
-21617
10728
-27601
-18649
-19559
-10497
-30679
19992
-28925
-3461
1458
23434
26586
32402
6112
16968
-29699
-20521
-6949
-16791
1788
24524
-8401
26648
-27953
-8011
-3649
-5439
6548
-16859
26024
12038
21638
16232
3088
-24547
-20987
8748
-12443
-28919
-29401
-21121
-14607
5256
13730
-21747
-22417
-13489
-6739
11930
-11697
6744
32140
-25511
-8359
-97
12016
17468
17116
-26401
-18127
-31617
-30381
15382
-32515
5364
-11883
-10709
-4887
27648
28070
-9283
-27567
14802
-28587
1288
-6435
13672
-5963
-19521
24942
31210
3038
-22901
-25927
10046
10120
-12491
-8333
-28887
-6843
8314
18920
-3789
-26877
23168
21934
-17715
8940
-22167
-8195
-30117
-383
-4197
-581
28448
18062
-30195
-22439
28694
-1685
6752
-13595
3778
-16309
-215
22646
31674
-25083
5054
4814
-21187
-11493
7216
-12839
28136
1570
19886
-11855
28366
11674
-14865
-7431
29250
29358
-16835
-12643
8724
-20161
-21551
19060
6440
-2295
5238
21796
19914
18236
13924
1376
30274
-12425
10146
-10877
7080
1122
-22829
8916
20218
19364
15622
12976
13420
-1661
19500
-17003
-22783
31676
-10439
-18387
-1621
-3403
12454
24274
2244
-13817
-5099
-21839
-7081
-5245
-17413
-11855
-28671
10168
-20191
24672
304
-8251
-31319
-21303
11306
-27401
13298
24728
15542
22942
10446
23670
-25861
2864
6616
26716
21388
31540
16446
-5643
-23315
22820
22056
-7525
24840
3456
-6051
-10633
1560
-4115
-20445
320
-15617
-29559
18072
3736
-17313
-18907
-8665
2510
-12883
18180
4064
-19313
5500
17298
-19805
-2501
-17761
-1413
-23521
1382
28732
-29183
-31891
-26925
2702
-3147
17188
-24919
6582
-26143
-21765
11748
-3267
25886
-10455
13374
-6023
-417
-23075
-21531
17388
-25271
-25931
932
11660
-31595
24512
-30423
-7035
-3397
118
22058
-27751
-13331
-3221
-18545
2276
24296
31858
-21505
-20481
23142
-27837
23318
-12831
-20537
12284
14194
-28163
24548
-5175
-14663
-9257
13504
-12533
-3415
-13403
-15681
20840
20058
-6531
26492
-20197
17824
14270
1766
-28567
-7927
-20657
-18271
-7539
-5071
4640
-20847
2414
20892
29372
-975
3822
8060
-20797
-26155
-27519
1818
-2481
14630
7880
1234
29972
-18335
-1725
790
1824
23858
3094
9488
32358
1538
-29439
9352
23198
31670
-9233
-18185
3388
25538
-385
-11839
6212
17128
-7319
1956
3934
18942
24418
24412
-12077
-24561
-32427
6748
-32477
3338
-18471
23506
-12283
11120
8432
-22977
12426
-239
18486
25836
-9043
-9719
12850
10230
12924
24040
3932
-25031
28764
17548
21470
7986
14990
-29925
21320
14292
21316
3370
-17541
-4671
9438
13324
16910
29528
25532
-829
-6749
-23805
592
-31539
-1189
-16363
-11127
25642
3520
-1247
-14089
16488
-20841
12540
19630
13252
-21419
-10605
10484
-1129
-3737
-23115
-14495
6360
2112
-17601
-32321
5932
1242
14446
30218
2466
-10565
15370
27616
11352
-8627
-26957
30642
-18517
8354
16396
5130
16330
-18959
13478
738
-12183
24294
32158
-29881
-18961
15550
-25737
9702
-20227
-1475
-7723
-26155
-17651
-1267
-28125
-16013
22438
8846
-6193
-10595
32742
-31943
-26841
4270
22658
30912
-20421
1704
-17559
-24501
22924
27808
19214
23672
-1805
31748
19302
-27933
18518
26048
-28595
7414
-7877
31686
-32743
6850
10860
6382
-31313
-32545
9914
-15105
-5475
-22347
6744
784
3768
18434
15954
-4107
27478
-23749
-24695
-26511
3376
-22343
17666
24830
-16879
-4895
19322
-18133
-12017
-20929
23254
8762
16018
-685
-22757
-25813
-29355
23526
-12525
-25825
-16473
22182
-11667
-24451
22784
25680
10746
30042
-1167
28582
-24111
-21847
-28933
32316
-19141
-2511
6964
1580
1980
7118
13508
19468
31400
-175
11132
-23837
14350
-1513
-13757
-31173
5138
12076
-2127
1088
-9807
-15021
-6497
18322
-17671
16318
5322
10944
15228
-7073
-26005
-9279
-16285
8350
-30909
-429
-27365
-15187
-7477
-22463
-14977
588
-9515
-11899
-23217
-25555
11406
-15783
16752
-26121
10446
-19841
-23639
11574
-9699
4016
-21951
15454
21648
-1147
13606
-9237
-19945
-16441
24276
-5011
-12307
9480
-14013
-11
-30795
25794
27306
-22073
-15913
-24365
10132
-27195
13350
12402
15952
-6561
-4445
-977
31602
-21447
18574
32402
-13931
-31843
12392
-22335
23540
23642
264
27920
30640
5336
-19133
-29607
268
-18591
18958
-1789
-28523
-28575
15614
-15261
22912
-2247
7566
32528
9210
7708
25988
23704
-871
20232
-16235
-31265
21842
21748
-18651
24948
-5295
-13849
18938
27054
28026
6802
-1603
21744
13210
30646
2694
-30297
-16651
1446
7216
-29745
32572
13090
-11725
-31335
8118
-2977
-31947
28990
-18431
17312
-15489
-3139
13502
24378
29296
17794
-6175
-9977
26568
-6393
-14201
24300
21550
-5197
-3119
-29689
9660
3772
27604
-4981
-2633
-7507
31634
24818
-7659
-5985
29388
15960
-25275
-16171
28930
23096
26072
-25313
-27381
30812
-13743
-2513
29452
-10403
-3449
-475
-24823
24588
23044
-24869
7314
10256
-31671
20496
4108
-22581
-27089
12138
1352
3552
-6897
-28389
-29315
22122
-22235
-10183
31288
-16247
-21881
20452
8768
-16771
20256
-6345
1598
14526
-25109
-20283
2362
24602
29008
20192
19084
674
-24703
-24123
25084
-22285
20814
1758
-10023
-14739
17894
15834
-2085
-14335
-19635
-28795
13160
9222
-6507
18738
-6375
-8151
12108
-16595
1660
-22771
-165
20480
-25483
-25919
-10135
-21733
-20453
-30295
-7197
-295
10732
22310
2890
25622
-16375
26548
13266
25898
12536
2878
27596
-17069
16476
15500
13238
-26805
8498
-15487
31418
-13397
31888
3818
-30767
30484
14130
14754
-15971
20126
-14949
-31193
27288
9402
-17443
-25511
5708
27516
640
8170
28094
27068
-32325
15440
-4013
-11207
6362
16818
-6755
-27731
-8553
1188
2546
-2489
17728
25674
19390
23390
-24439
-27501
-11067
31602
-27603
-1997
31736
22750
-8427
-19385
-9437
-9591
-30089
28126
-28849
29816
-5459
-31581
18398
-7471
-2219
28704
-14201
13814
-5075
-10605
-27005
-15205
-4437
-26299
-29271
14278
19362
-19653
6056
-32457
-6649
7902
29766
20858
17546
8836
7556
-32367
29660
-24887
-11699
21062
12140
15500
22504
-27727
-12183
-2173
26880
-19333
-1721
-8195
23010
-10179
-26007
-10215
22276
27444
32506
29652
-24881
24588
-20125
16818
-27529
-26229
-18249
-16175
-6857
18124
-11327
3486
2508
29710
6614
-14341
14162
-21133
-357
-20337
-257
22248
-7267
-8589
-20393
-4409
-6861
-15731
22732
30864
4296
15042
6494
-2721
26504
-30449
-28105
-5049
21872
-15587
27444
-13047
-8571
-2747
-24069
28344
13786
-27121
4516
-27987
-17887
3494
17794
-9735
-2841
11060
-29531
-7729
-24001
16650
19128
1730
11348
-16311
-1463
-19953
5762
18756
31502
-31021
-12103
-31431
4430
23382
10840
-29749
-30565
31532
30912
4728
-18023
15880
-6347
-4033
28814
10954
-7459
32288
-8575
22802
-12089
20562
29646
-24755
4326
25818
-8133
23908
-24915
-18259
-1889
-23225
10518
7172
17310
15442
-29085
-27061
5876
-30291
27600
-13761
26914
-10771
27122
-9837
12330
-31513
12488
8056
-27293
12356
25598
-3315
3864
-30025
4550
-20563
-5391
-20579
8642
-965
-31433
-8261
11044
-1985
27820
13908
30228
3810
-29115
-24851
11346
-7157
-16733
31454
32028
9808
9824
20700
14418
-22629
-4925
-30255
9432
7318
19358
-22381
5692
-27723
-18205
8788
1432
5442
-12623
-21945
12730
-26919
-11009
3522
-2691
-2917
-12481
-24661
-27533
-20795
-19105
24016
27152
26642
-26935
-2555
-14855
13838
5096
-24891
28302
-10467
-19559
15880
-6543
26346
19320
12960
-3741
5748
31482
-11005
19744
12126
20772
-27397
-21939
-2789
-28943
15618
28362
9660
13428
-25681
7320
18524
696
10334
20528
2460
-6437
3024
4586
-24449
-10363
1024
11016
-12887
-27559
17584
-4761
9728
7122
29690
8606
-3469
-26013
23174
21100
-15627
-17323
25600
-3921
-11679
-25185
-969
21626
10198
-28905
-20973
10516
26678
-893
29782
13234
-29209
27362
-10303
-28143
-1211
9522
-32747
15188
-26257
-19423
10390
26492
31452
-8949
19628
-20341
-21887
-11679
-26169
14954
-16653
-27629
5536
-9599
-27431
9684
-20625
-1789
-11013
-26487
-32053
-19631
5714
4772
-19883
6540
-22589
10658
28600
-1685
-32461
14122
25786
-27393
12916
-30643
5598
28568
3048
-10227
-30867
-29021
31790
7330
-22335
-30575
-31479
-1921
4656
-16433
28464
-3483
-27861
-10665
-1493
4810
15150
31014
27398
24190
-897
17958
6492
32186
-26703
3190
-13181
-1631
28294
-10651
7150
-8109
29688
-18801
-16169
-29703
27148
1554
17392
28662
-10419
-16121
5600
-29297
28062
27496
-32329
21084
-23471
27654
-16189
23886
-3757
-8141
-25831
-13207
-5947
-16419
16670
9602
-29451
-18503
17722
-30167
-21839
-27631
-11815
9636
21360
24880
14008
-11581
-18947
-413
-17469
18050
-3577
-1715
-16727
11360
-15893
-25973
-6923
-29595
18596
-3411
5142
24778
31080
3664
25216
-24483
-9173
27236
19316
32632
15744
-5663
-12623
6402
31956
27792
-18423
350
20486
-6757
25454
-28245
16460
-17491
-5287
28640
5450
-27833
2200
-8939
-19661
23680
23952
346
15036
-4933
-25291
29514
25932
698
30276
-1433
29042
-6473
29898
27048
13214
-24571
28758
-8799
14502
-12185
8348
626
23296
-16657
16864
-24547
-14389
7450
-22027
-8393
6802
-12059
31742
-1359
-11041
-32585
20774
-21247
32728
22544
4432
-17729
-23055
-23221
-26815
26398
10552
-18233
11388
14922
9674
31616
27886
20322
6270
-28083
5802
13170
8638
9698
5516
22202
5466
31470
-11783
20658
15998
5798
-185
-9547
-8161
1328
-27715
28536
1086
-21419
-16727
-5357
29448
530
-32019
26406
23898
-19555
-32141
21932
-5933
-3841
-25775
5524
-28877
-19031
-7493
25160
1166
-2495
13908
15242
3258
12706
-2221
-17589
-21967
30944
-23235
10566
-8423
4466
30394
10908
2680
17486
26304
15100
-18749
1162
19360
18904
22900
-15813
404
-9553
26698
-25027
-1883
5370
5012
-31063
23436
-4575
-20927
15494
17450
16326
5642
-30185
13432
2996
1266
-13651
-17679
-5043
19694
5556
-29229
-15315
-30557
-6717
5200
-5231
-17853
-26309
18180
-30129
-28445
22380
-12793
29784
-20949
15230
26712
-5049
28020
14234
-21079
22788
14586
-4883
21772
-9161
10568
29846
11390
-28603
31700
-21005
11266
-25523
-6561
6084
-22725
20984
-9839
19146
-4773
-3517
-4143
-10907
-16197
-14827
-12985
-5627
11104
-29985
-25537
-14117
-5725
-1785
-31495
-15141
7204
29326
-10959
-6275
-28977
-4667
-15505
-10529
9446
-8357
-1521
7014
24102
-21243
-10737
32412
-17951
26748
31334
-28311
-5479
21306
-3497
8856
-30539
24094
23694
-25457
14180
-29741
31898
-11497
-28011
-27913
19056
-32353
-6989
-699
-6285
7864
29058
-21679
-13877
-22381
-11675
7168
-25261
-27395
-18203
-29943
-171
19114
24200
25038
-7691
-20251
8898
-27321
-9155
30916
-8339
-32551
-16921
-31525
12422
31812
27924
6010
-30461
-31939
32048
2714
10878
21980
-18517
-4639
5198
26000
18186
-19655
-32577
5684
-6631
31258
2256
-15149
840
-23885
2156
-11001
-10569
-18279
274
-14959
13294
3234
20768
-32071
-7073
26900
-5223
28636
15330
6286
-27777
-28209
32314
-9669
9060
7218
12656
-13487
23608
-9021
24832
19504
18022
-26849
-16585
25334
1778
8934
262
13218
19466
-27789
-7807
7208
-16095
16664
-769
3192
-18355
-32653
-2571
18526
-22579
23480
15818
166
12296
-24687
-24647
-1925
-20393
26394
5344
9268
-3443
10354
-15861
18910
-251
19080
-25315
13756
-14499
-4105
12854
-14463
-28011
-3265
29722
12014
10506
-863
-275
28112
4670
20600
4334
9484
21344
1742
30200
-32271
-20283
-8401
-6253
31086
6174
27494
-17971
20428
23856
3560
10952
-23039
16900
21356
890
17518
-21613
6474
25558
-4541
5268
-1753
7778
-12461
-17223
-29305
-9615
-10557
27284
-6103
-30953
9494
-21655
876
-29329
-22309
25744
-22343
-2285
1674
1592
-19725
22686
-16561
10070
6462
2738
30398
-28557
-5049
-27419
-2607
10872
-18819
17248
3260
-6137
23492
-19859
14210
-5837
20498
-21379
-23905
23908
13810
20018
-23715
13552
17820
6538
21470
-27325
-23551
-4171
-7707
27584
-30725
9288
-23095
15986
7448
-18131
394
-20191
-16101
13686
-20935
-16633
6752
32484
-3619
-15667
8200
21550
23482
-27467
21356
31290
15662
-3943
17390
28530
-29073
32100
-711
-6585
-14981
-22123
-14923
-4259
-19873
-17605
19054
-22501
-29975
10736
3720
7690
9108
29426
-12373
21352
32616
-1773
11328
-11603
-10471
1012
-27361
27024
-16399
-15901
5060
26124
-28011
-13527
32108
24782
29238
29310
-24215
-29739
964
-2605
9412
-9017
30238
10196
-5107
2694
-31213
26250
5036
-2313
-29081
24868
19778
30040
-8625
12550
-32601
13084
16526
-20281
10918
15554
-10547
3006
31734
30068
13688
3874
6002
22344
872
-6739
-10529
-20919
-10727
30898
24238
27728
8344
-22633
11884
-429
-24317
-31999
-3991
-9895
30432
42
-2013
4550
11762
5348
12828
-5883
-23219
192
8814
2962
-2193
-16255
-19299
9826
10068
1246
-18573
-12359
-18873
-4275
12866
6354
-14173
2360
-24221
17214
-21981
-20391
13254
8102
11580
-775
-28531
25718
-2949
-9541
-1967
31776
-2993
5766
-2267
31504
970
23228
5362
-12769
-7761
-23927
-26641
-12241
8926
-10239
1590
18802
12806
-15775
-30279
-30627
-30849
-4675
-11863
-8895
7564
20294
5414
11796
-28813
-23173
15590
-22423
6646
21432
-15173
-16341
-21355
31746
-17063
-11821
-27431
15302
-24755
-25917
5788
-15037
1554
7066
-22617
-15941
-15219
27844
-32049
16892
-10195
-22105
29850
32398
-19451
5512
-2131
-21195
5962
-30921
14154
-17149
14772
-31179
14268
632
-22283
13230
25758
15218
-32637
-2419
6716
-2325
-4447
-4273
17952
-22483
-26665
-5257
-11829
8186
-31937
-17627
13100
11912
23292
26042
-4639
28736
4194
4894
26996
-29437
-30769
-27865
-1285
-4423
-2213
-16077
-13693
31780
-1399
-31067
-14085
5936
-15267
-3615
-27425
23280
-10863
1242
27092
12644
-15785
-23727
-11787
-219
32048
-3475
-24889
-22795
21942
-15871
2622
-30305
-24259
-231
-9101
3990
-16893
12272
23694
-8579
10152
13790
-2625
11574
-19561
-23883
-2853
-7237
-9295
-30623
8792
16226
-12051
28732
-3583
6960
-24991
-8185
23784
30550
18638
29906
18286
-25553
-18803
16862
-3997
10382
8604
-19329
-11415
21304
3864
25570
17718
-22351
16182
-11167
-15859
29818
27600
19136
-24071
22302
18824
13802
20432
-10031
11090
-21461
-117
31046
-32563
5888
-8909
22004
2120
24484
-22909
-19287
-31241
14822
-19553
15594
-22735
19536
11566
-26017
17300
2690
-28501
16438
2810
-37
14122
-18877
-14735
-18465
-17477
-21119
29008
1040
23336
-20741
17004
26610
-29219
-27507
24394
11810
-9589
11032
20940
-1929
14004
3650
5590
-23569
-7023
-27735
15626
28508
-24337
-24609
32726
-15799
23560
11370
-24497
-9545
-4135
-20169
-16033
12176
-4169
-13499
-4097
-3855
24376
-18165
-1665
9536
-11213
-16121
25454
9424
14936
31464
19252
-9227
-32065
-17303
-17185
13206
8432
14564
-15467
19804
-3819
-22603
-20597
12234
11326
20916
4686
-31039
22304
-7823
6522
6078
-26579
-3875
10742
-24807
14540
-16931
7542
-26149
31252
-14979
-29169
22824
21486
-1929
-8543
5270
7354
-13095
9922
-7421
-9753
27272
-21603
-11789
25938
-5353
24414
10244
-31477
19626
17504
-29033
23998
-28325
27056
-8445
-11451
13246
8812
-1007
-27825
-2235
30486
-21583
-13501
-6231
-22351
-13253
-3639
-15249
-6369
-16003
-3035
17482
-26627
19064
-23595
-22031
-3289
9926
-23311
16692
-10811
-28535
-26303
5154
-22967
-18795
31714
-22257
-18649
-6805
23800
9530
-15273
4712
-18677
6694
6262
-5771
1326
-17099
24786
26580
-15993
-2745
15326
4980
1424
-22223
30152
-1135
-27319
16980
-6289
18768
-31903
-12867
532
25114
-11913
-13029
6980
-10881
27054
-21413
-5301
13402
-19935
-29985
19550
-9809
-25961
-15741
-16541
29402
-20539
9980
-13435
31594
-10827
-23761
26930
29670
-12597
23090
4332
6748
-27941
-32687
24270
-5873
24824
4802
-22581
6170
1438
-23463
-19263
-32527
-5315
-21869
3726
-12413
26286
9294
28232
-23931
-26473
17980
27234
22720
26402
12732
-10783
-19475
-18897
-22263
-18643
25090
-23067
14094
-24557
-14295
17270
-1455
29236
11208
-30607
2278
-7249
23406
-745
-11061
11918
-26233
5318
29670
-5085
-18849
15946
22944
10780
26080
11486
-9017
-28567
2014
-25555
-19147
-10703
-941
-14663
5898
27002
14518
-6733
24276
4042
-4595
23112
11018
14578
-22111
4504
-10911
-12263
-23979
-20345
11502
-20323
-32051
-8999
-5713
29744
16688
-16455
-751
-25763
-17967
17026
-3029
-20839
18114
-21619
-25161
-21371
-12661
-15811
13658
2942
-23299
7314
5564
-17963
8394
-19993
-19411
18976
-3965
19086
21518
-13027
-25113
30792
30070
32038
27930
14884
-9863
10314
18926
-15655
13374
-4387
22186
-18789
-24435
-27131
24060
-6689
-25705
-29657
31584
-309
8356
-23811
-3991
-22965
19194
-26817
22870
-3535
-29165
17508
-1595
-13301
13368
-11655
20484
-1855
26536
-19861
-31235
16138
-8749
-28299
-17101
2534
-22833
-27903
-7731
-12207
2856
2914
-19315
-7929
-10089
2690
-7087
-27057
10300
11090
-31901
29954
4916
32238
-7041
24694
-21439
8666
13400
26718
-9211
23434
24918
-18291
-30667
9000
-32403
-23485
-7723
-4241
30210
4788
3264
-18593
1954
24742
-2483
20400
25080
18264
10176
25948
7868
12272
18570
-19849
-30675
7186
6450
-10919
-18557
29258
-15655
19764
11984
27050
6976
-7297
-24933
22708
264
31928
-3409
27514
-4185
22046
20566
-1283
11052
8598
-9051
-20465
-20911
-7783
18714
-16993
9880
5438
-5401
-6419
-3513
-19575
-7899
-3531
-6357
4504
-13655
19702
-14003
31774
-9897
-28305
22640
-19837
12296
-30279
-281
4706
10744
-7897
29562
-26939
17600
-29891
29232
-4601
-26911
-1053
17926
11028
-4411
-7615
32382
16336
11738
30632
-8365
3008
27604
-11425
14412
6024
-28105
-24349
-32525
4838
-19983
868
-3627
4084
31982
5360
-20037
-935
20240
-15127
6508
12188
-20531
-8427
-17275
22804
-11809
-1119
31910
-28989
20450
-16555
16982
-4787
27952
-22513
-21045
30790
-14891
16416
21380
20734
31566
-30489
-10933
5468
5538
8720
11062
-16867
-28465
-15413
-7051
-6871
13246
6292
-16287
-23877
-20915
15162
23900
-323
-17243
19866
-28537
-29049
-30801
-12847
-31379
23520
-29497
31586
14464
32714
-28589
-18861
3552
-7459
9338
-21761
32244
26870
-30221
-9573
4276
11058
11560
-16097
-24347
-27055
1498
17562
14790
17516
-10925
22334
-7613
-26395
-28705
12962
-27537
-13279
-25689
20138
-5287
2900
-1813
1898
-13011
21968
15840
4234
15912
12776
-22667
-14319
-21775
27702
-14809
-15255
-19095
9306
30844
-14021
28428
-17215
3136
-27231
-18123
9888
-23431
25748
9044
9674
-15605
-19393
-21153
-21411
16748
20630
-22711
-8683
-23099
-2933
26490
18882
12178
18714
-2245
7530
15162
-2689
11962
-10063
31618
15364
-7767
14916
-21117
-26565
26698
22288
25962
-26443
-25607
-2857
4212
22640
-24855
-11455
17052
22906
-691
6140
-22003
20616
-31121
-20875
14348
16944
4094
-12887
-30385
31590
-15405
-149
-1237
-4767
-11471
6660
19402
-1079
-995
-4979
23732
28176
13264
-29061
22078
-11901
-12977
-24241
-21131
27230
30704
652
29040
16012
30742
-24139
21216
-8311
-4833
-21123
-5543
-12813
10136
12852
-11867
3294
-17307
1798
10896
18558
7998
27346
13388
-16427
-23767
6756
-27067
23472
15894
9600
-23843
-24457
-17301
24610
-20761
2120
27312
30986
1270
30008
-32151
22904
-9605
-9791
-10657
-12853
13822
-4361
20452
22994
1336
4450
17410
24628
794
14564
-27973
-31569
-2643
-16851
-32239
12596
29258
-10565
-13515
-25415
32088
13446
23816
-7889
30518
26042
-71
22206
-6065
9156
-32499
-27295
-32165
-6503
-721
-7921
22056
-4011
32728
27298
1030
-18307
14146
-15825
23406
5804
-28899
9686
17898
19416
24250
29314
25236
7692
24262
-16551
30344
-11079
3866
-3547
-16789
19044
26676
14714
2872
-13377
-20875
5866
31690
-18465
-25703
-29987
5624
-28495
-20725
16238
25716
-25605
-6555
7020
12266
-24459
-6281
-10331
20790
-29603
-913
-17301
29652
-4901
25144
-30297
-23703
-3559
-10765
28878
2206
-991
-30009
-13893
-14469
5004
1880
-24255
15320
-18321
-5255
-4527
-4301
1956
32446
-7681
11314
4262
-32097
21338
32164
-14355
-25361
162
1026
-32413
30152
15296
-1569
13844
-3365
22180
-17345
-16009
27396
-9611
12992
-7859
594
31358
7310
31634
8224
31260
-12257
-13137
-10997
11674
23210
-8049
-27753
30216
-71
16932
-6383
17622
24570
-25335
-2547
15766
16282
24244
-24101
-9475
11912
-11911
29716
-16707
-29925
-27231
29438
-3945
770
-19095
21990
29246
29976
27862
11496
-15937
32570
24628
2250
18156
-21895
15518
-17619
-20793
25764
-18811
8928
-3941
28266
-30607
28084
2548
-24283
12832
5520
-6645
-27995
19288
-31491
-22663
-24093
-2027
23556
10140
-30683
3578
5950
-14333
458
15158
-14763
-12431
-24013
9800
2660
23252
4840
-20337
2232
30900
23544
-17517
-4219
10110
3746
15262
6304
29738
28298
27238
-16395
-1249
-16581
-6869
7328
-31679
13200
17540
160
-30423
28226
11456
-10805
-20855
-23935
-20971
-4427
2734
-4015
9760
18338
29964
13742
23830
-7969
-5033
-7109
-20807
2670
18536
11994
-17489
-27579
-14205
-25059
32412
-17891
-1069
-1953
-4669
-949
-19157
29834
17690
-18831
31790
-32007
-26191
1328
-32207
-9183
-4817
-12231
13300
-3315
-11601
-30287
-22653
-2093
3428
-15391
17210
-18611
10720
-11197
-1893
7264
-17033
18932
2672
14196
-19693
16166
30722
26762
10380
-19171
14140
-18635
24124
-5561
17728
15458
28364
21838
6388
-22319
29928
-30381
-29699
31168
7740
17118
-17701
-14973
-16349
-12729
-32673
28450
2532
-24315
3088
-27251
7772
21914
-13923
-16939
3934
9558
-15655
-12597
2170
-30353
26120
27166
-10073
4192
15252
-28107
-18337
1250
22594
-14951
-17945
-30673
-25267
26272
32526
13142
-7991
-32019
-3061
32546
-14995
11268
-1105
28090
12802
-7507
-17879
5138
-31865
-2731
2000
24414
-22831
-25085
15808
-32037
-26461
-3629
-3397
-2455
27458
-14347
-23361
30752
-25707
4996
-13371
-27197
-22833
3354
-5123
-26767
-31619
-27537
-20629
12846
2790
-14827
11328
-5695
-6073
-3479
21256
-3017
3006
31974
18248
31684
7126
22974
412
-29043
1804
1170
-18429
9460
-18133
-27537
46
5142
5270
2590
344
7530
-26727
-31873
-10481
-20893
-21783
31708
-14049
28420
25968
22112
13544
-15225
24252
14272
27962
12390
3208
21990
-13421
-11551
-31143
21990
-2709
-9077
14970
32048
22446
29320
-11375
-777
18234
25564
20168
5692
1834
-32431
6302
27404
28162
9610
-28709
25966
-19513
-12823
-10033
-13173
27870
818
-8441
27662
2434
12610
-1307
-1517
-13649
23754
-9185
-15047
898
-19259
-28611
10946
27890
-17933
-12333
21546
-14603
-28685
20866
-13157
-28139
-1273
30304
-7977
3010
14154
11814
13548
6012
-8273
-29875
27036
-14497
-30341
-24433
-4753
-28281
32284
-7059
31424
-8307
26584
8602
-22577
-3527
4644
16926
-13747
-24667
-24671
-28619
9422
26340
7288
27306
-19449
-14925
-5819
-12449
-9485
21084
30698
22334
32762
-19859
31120
12976
7608
28756
30866
28182
-30593
-8009
-5639
-30973
1598
-22787
-23113
-28195
-7743
-29409
3660
-22401
13102
7476
-16175
-29577
6214
29344
-8209
-24493
4288
5830
15910
19488
17550
-10271
15114
7392
27980
-2347
-341
7156
20340
17612
-10095
8434
-21457
4588
29862
-20933
21814
14950
-15485
-24749
-30319
26916
-1095
-27527
5240
-9093
-9973
-24655
-10477
-29185
-27437
-2787
12482
-31759
16284
12298
27444
6982
4492
22964
-1279
-10691
-29113
14468
978
4044
31584
-16011
1536
21682
12698
-22359
10872
14076
18152
24876
-13559
-4033
-783
-19345
17020
1366
15142
32526
-8701
20778
-4077
-29237
9560
-7405
26208
-4063
32396
15096
20108
21176
-32041
-15849
19618
14846
-16389
-13197
14410
-31621
-12081
1796
-9785
-5887
-21035
-19999
4102
11898
-22101
-1549
-11833
18474
22950
-823
14502
-23913
19872
6248
-249
23292
1666
-14641
-7057
30360
19134
7052
2706
32164
-30381
-7359
-7989
-321
2178
-28035
-1379
904
-10365
18790
-11651
2578
-353
15726
2192
14782
-32039
-16895
19054
24494
14836
11262
9854
-2963
-19273
-14647
14960
-7979
-7033
15356
7000
30472
-353
-10767
14596
4242
-24147
-4803
-2957
-20815
-22611
-16477
-16173
21346
1158
2240
21072
23378
-5607
4426
23022
-23309
25660
-2553
-24599
-9773
-24393
9170
4304
-15225
8
25716
-25605
-6555
7020
12266
-24459
-6281
-10331
20790
-29603
-913
-17301
29652
-4901
25144
-30297
-23703
-3559
-10765
28878
2206
-991
-30009
-13893
-14469
5004
1880
-24255
15320
-18321
-5255
-4527
-4301
1956
32446
-7681
11314
4262
-32097
21338
32164
-14355
-25361
162
1026
-32413
30152
15296
-1569
13844
-3365
22180
-17345
-16009
27396
-9611
12992
-7859
594
31358
7310
31634
8224
31260
-12257
-13137
-10997
11674
23210
-8049
-27753
30216
-71
16932
-6383
17622
24570
-25335
-2547
15766
16282
24244
-24101
-9475
11912
-11911
29716
-16707
-29925
-27231
29438
-3945
770
-19095
21990
29246
29976
27862
11496
-15937
32570
24628
2250
18156
-21895
15518
-17619
-20793
25764
-18811
8928
-3941
28266
-30607
28084
2548
-24283
12832
5520
-6645
-27995
19288
-31491
-22663
-24093
-2027
23556
10140
-30683
3578
5950
-14333
458
15158
-14763
-12431
-24013
9800
2660
23252
4840
-20337
2232
30900
23544
-17517
-4219
10110
3746
15262
6304
29738
28298
27238
-16395
-1249
-16581
-6869
7328
-31679
13200
17540
160
-30423
28226
11456
-10805
-20855
-23935
-20971
-4427
2734
-4015
9760
18338
29964
13742
23830
-7969
-5033
-7109
-20807
2670
18536
11994
-17489
-27579
-14205
-25059
32412
-17891
-1069
-1953
-4669
-949
-19157
29834
17690
-18831
31790
-32007
-26191
1328
-32207
-9183
-4817
-12231
13300
-3315
-11601
-30287
-22653
-2093
3428
-15391
17210
-18611
10720
-11197
-1893
7264
-17033
18932
2672
14196
-19693
16166
30722
26762
10380
-19171
14140
-18635
24124
-5561
17728
15458
28364
21838
6388
-22319
29928
-30381
-29699
31168
7740
17118
-17701
-14973
-16349
-12729
-32673
28450
2532
-24315
3088
-27251
7772
21914
-13923
-16939
3934
9558
-15655
-12597
2170
-30353
26120
27166
-10073
4192
15252
-28107
-18337
1250
22594
-14951
-17945
-30673
-25267
26272
32526
13142
-7991
-32019
-3061
32546
-14995
11268
-1105
28090
12802
-7507
-17879
5138
-31865
-2731
2000
24414
-22831
-25085
15808
-32037
-26461
-3629
-3397
-2455
27458
-14347
-23361
30752
-25707
4996
-13371
-27197
-22833
3354
-5123
-26767
-31619
-27537
-20629
12846
2790
-14827
11328
-5695
-6073
-3479
21256
-3017
3006
31974
18248
31684
7126
22974
412
-29043
1804
1170
-18429
9460
-18133
-27537
46
5142
5270
2590
344
7530
-26727
-31873
-10481
-20893
-21783
31708
-14049
28420
25968
22112
13544
-15225
24252
14272
27962
12390
3208
21990
-13421
-11551
-31143
21990
-2709
-9077
14970
32048
22446
29320
-11375
-777
18234
25564
20168
5692
1834
-32431
6302
27404
28162
9610
-28709
25966
-19513
-12823
-10033
-13173
27870
818
-8441
27662
2434
12610
-1307
-1517
-13649
23754
-9185
-15047
898
-19259
-28611
10946
27890
-17933
-12333
21546
-14603
-28685
20866
-13157
-28139
-1273
30304
-7977
3010
14154
11814
13548
6012
-8273
-29875
27036
-14497
-30341
-24433
-4753
-28281
32284
-7059
31424
-8307
26584
8602
-22577
-3527
4644
16926
-13747
-24667
-24671
-28619
9422
26340
7288
27306
-19449
-14925
-5819
-12449
-9485
21084
30698
22334
32762
-19859
31120
12976
7608
28756
30866
28182
-30593
-8009
-5639
-30973
1598
-22787
-23113
-28195
-7743
-29409
3660
-22401
13102
7476
-16175
-29577
6214
29344
-8209
-24493
4288
5830
15910
19488
17550
-10271
15114
7392
27980
-2347
-341
7156
20340
17612
-10095
8434
-21457
4588
29862
-20933
21814
14950
-15485
-24749
-30319
26916
-1095
-27527
5240
-9093
-9973
-24655
-10477
-29185
-27437
-2787
12482
-31759
16284
12298
27444
6982
4492
22964
-1279
-10691
-29113
14468
978
4044
31584
-16011
1536
21682
12698
-22359
10872
14076
18152
24876
-13559
-4033
-783
-19345
17020
1366
15142
32