-8211
-11217
-31987
16620
-20879
16880
8740
-25841
-19451
15230
-9797
1136
28444
15740
3424
31256
13946
-29351
16214
5656
23058
31060
20014
6954
-26443
-26783
30382
3280
-26155
12484
3880
-13021
-24267
-23245
-22679
30264
21256
27502
-26091
-31453
124
-27949
3488
6948
-32429
-26053
-6549
10310
-3459
-15053
10524
-5149
10240
-18837
-31053
-26667
-12075
-13905
-1953
11742
-16717
-13945
17084
11282
4448
-23151
-15753
7640
-21189
-6755
6284
18038
-3381
10868
5492
-1711
27898
-23063
2288
22340
-25439
-701
7876
19642
-11109
18864
9244
2142
-1719
14654
19488
-14983
18144
29978
8904
-6683
30396
-3583
8690
30036
14380
14486
7346
16324
10766
27546
-29929
-16791
-27245
10554
-20249
-19481
2292
-30655
-14455
6008
-32169
19822
29506
11722
30680
29616
23892
-1873
6476
9584
-9463
15358
-29125
-27845
-16377
-28213
-20135
-977
-22787
21200
13040
-15593
10022
31334
2924
-13813
-25527
-16333
29484
23322
-21085
-32733
7220
-31895
3944
-32375
12404
-31725
6244
7366
16122
-21571
17134
-17605
-2405
520
-5575
11778
-17821
3546
-14375
-24481
-10177
-16039
27476
-5027
-18529
14098
17010
-24425
15086
536
-3229
-17779
26734
-21235
-9525
5230
628
31806
-7801
14190
8784
-25179
31320
23416
-26755
27922
-25987
-3651
12406
15482
-10439
-14911
-11371
-9501
17562
-9175
-32179
-14167
27380
-19443
-7457
-22015
19296
23490
10176
-8265
25938
32182
-25537
-13035
-21691
18384
-4535
-1151
-19675
-6941
-24071
-24873
13654
-7297
-1689
-18809
-7563
-10931
2260
-14483
-31265
-30089
27594
-5517
24802
6774
-31407
21528
-14029
-27217
912
-2147
1126
-15447
-28225
29244
-25681
29300
16280
-17273
-16415
4798
23768
9622
20328
6722
9072
-17055
3354
27908
10470
21840
5904
-1857
14094
1148
-11239
-21495
-22655
-3499
-15117
19624
-2375
-775
15130
18010
24542
-8313
14948
4066
-16985
-31759
-24013
17762
31712
-5537
16864
-32017
18018
2484
-29213
12602
-7303
27550
27280
2952
-26599
-2795
-22441
30080
-24441
10240
-2119
-4687
10830
23550
17942
1478
-6783
-14313
-2075
-11427
5220
24330
-13197
10770
30214
-8337
-24295
-28275
-4823
-21631
-19259
7006
-6049
-32707
-1993
26852
-27325
-931
29648
28696
-23685
23646
4772
-32463
-15371
13072
-26113
-22691
9228
-18133
-17055
2366
-5151
-28977
21254
-11221
10802
18864
15524
19442
-4151
-11465
-6941
-17271
-29211
10760
17890
14816
4088
-7533
-5125
10440
-16523
-30735
4684
2478
30696
31748
24452
4346
9836
-28549
-8983
-6715
1012
2894
-20961
-10675
6988
10308
13632
-10005
-10731
28762
26730
-13709
-10205
-5813
16388
-19713
3072
-23311
20464
-30871
-8307
-23641
870
-24183
31564
32420
31558
29906
-28553
-26689
9900
-2083
2634
-23079
-18885
30388
-28733
26518
26338
17764
-12121
20730
-15819
-29097
-22735
1554
21846
-9425
-30525
-4945
17208
-11405
-13605
-32389
9754
-23727
-18335
22198
1520
-15923
29002
-31569
3718
12156
12680
24198
-22619
-23009
-29675
18158
-13235
8296
21482
-21617
10728
-27601
-18649
-19559
-10497
-30679
19992
-28925
-3461
1458
23434
26586
32402
6112
16968
-29699
-20521
-6949
-16791
1788
24524
-8401
26648
-27953
-8011
-3649
-5439
6548
-16859
26024
12038
21638
16232
3088
-24547
-20987
8748
-12443
-28919
-29401
-21121
-14607
5256
13730
-21747
-22417
-13489
-6739
11930
-11697
6744
32140
-25511
-8359
-97
12016
17468
17116
-26401
-18127
-31617
-30381
15382
-32515
5364
-11883
-10709
-4887
27648
28070
-9283
-27567
14802
-28587
1288
-6435
13672
-5963
-19521
24942
31210
3038
-22901
-25927
10046
10120
-12491
-8333
-28887
-6843
8314
18920
-3789
-26877
23168
21934
-17715
8940
-22167
-8195
-30117
-383
-4197
-581
28448
18062
-30195
-22439
28694
-1685
6752
-13595
3778
-16309
-215
22646
31674
-25083
5054
4814
-21187
-11493
7216
-12839
28136
1570
19886
-11855
28366
11674
-14865
-7431
29250
29358
-16835
-12643
8724
-20161
-21551
19060
6440
-2295
5238
21796
19914
18236
13924
1376
30274
-12425
10146
-10877
7080
1122
-22829
8916
20218
19364
15622
12976
13420
-1661
19500
-17003
-22783
31676
-10439
-18387
-1621
-3403
12454
24274
2244
-13817
-5099
-21839
-7081
-5245
-17413
-11855
-28671
10168
-20191
24672
304
-8251
-31319
-21303
11306
-27401
13298
24728
15542
22942
10446
23670
-25861
2864
6616
26716
21388
31540
16446
-5643
-23315
22820
22056
-7525
24840
3456
-6051
-10633
1560
-4115
-20445
320
-15617
-29559
18072
3736
-17313
-18907
-8665
2510
-12883
18180
4064
-19313
5500
17298
-19805
-2501
-17761
-1413
-23521
1382
28732
-29183
-31891
-26925
2702
-3147
17188
-24919
6582
-26143
-21765
11748
-3267
25886
-10455
13374
-6023
-417
-23075
-21531
17388
-25271
-25931
932
11660
-31595
24512
-30423
-7035
-3397
118
22058
-27751
-13331
-3221
-18545
2276
24296
31858
-21505
-20481
23142
-27837
23318
-12831
-20537
12284
14194
-28163
24548
-5175
-14663
-9257
13504
-12533
-3415
-13403
-15681
20840
20058
-6531
26492
-20197
17824
14270
1766
-28567
-7927
-20657
-18271
-7539
-5071
4640
-20847
2414
20892
29372
-975
3822
8060
-20797
-26155
-27519
1818
-2481
14630
7880
1234
29972
-18335
-1725
790
1824
23858
3094
9488
32358
1538
-29439
9352
23198
31670
-9233
-18185
3388
25538
-385
-11839
6212
17128
-7319
1956
3934
18942
24418
24412
-12077
-24561
-32427
6748
-32477
3338
-18471
23506
-12283
11120
8432
-22977
12426
-239
18486
25836
-9043
-9719
12850
10230
12924
24040
3932
-25031
28764
17548
21470
7986
14990
-29925
21320
14292
21316
3370
-17541
-4671
9438
13324
16910
29528
25532
-829
-6749
-23805
592
-31539
-1189
-16363
-11127
25642
3520
-1247
-14089
16488
-20841
12540
19630
13252
-21419
-10605
10484
-1129
-3737
-23115
-14495
6360
2112
-17601
-32321
5932
1242
14446
30218
2466
-10565
15370
27616
11352
-8627
-26957
30642
-18517
8354
16396
5130
16330
-18959
13478
738
-12183
24294
32158
-29881
-18961
15550
-25737
9702
-20227
-1475
-7723
-26155
-17651
-1267
-28125
-16013
22438
8846
-6193
-10595
32742
-31943
-26841
4270
22658
30912
-20421
1704
-17559
-24501
22924
27808
19214
23672
-1805
31748
19302
-27933
18518
26048
-28595
7414
-7877
31686
-32743
6850
10860
6382
-31313
-32545
9914
-15105
-5475
-22347
6744
784
3768
18434
15954
-4107
27478
-23749
-24695
-26511
3376
-22343
17666
24830
-16879
-4895
19322
-18133
-12017
-20929
23254
8762
16018
-685
-22757
-25813
-29355
23526
-12525
-25825
-16473
22182
-11667
-24451
22784
25680
10746
30042
-1167
28582
-24111
-21847
-28933
32316
-19141
-2511
6964
1580
1980
7118
13508
19468
31400
-175
11132
-23837
14350
-1513
-13757
-31173
5138
12076
-2127
1088
-9807
-15021
-6497
18322
-17671
16318
5322
10944
15228
-7073
-26005
5
-6941
-17271
-29211
10760
17890
14816
4088
-7533
-5125
10440
-16523
-30735
4684
2478
30696
31748
24452
4346
9836
-28549
-8983
-6715
1012
2894
-20961
-10675
6988
10308
13632
-10005
-10731
28762
26730
-13709
-10205
-5813
16388
-19713
3072
-23311
20464
-30871
-8307
-23641
870
-24183
31564
32420
31558
29906
-28553
-26689
9900
-2083
2634
-23079
-18885
30388
-28733
26518
26338
17764
-12121
20730
-15819
-29097
-22735
1554
21846
-9425
-30525
-4945
17208
-11405
-13605
-32389
9754
-23727
-18335
22198
1520
-15923
29002
-31569
3718
12156
12680
24198
-22619
-23009
-29675
18158
-13235
8296
21482
-21617
10728
-27601
-18649
-19559
-10497
-30679
19992
-28925
-3461
1458
23434
26586
32402
6112
16968
-29699
-20521
-6949
-16791
1788
24524
-8401
26648
-27953
-8011
-3649
-5439
6548
-16859
26024
12038
21638
16232
3088
-24547
-20987
8748
-12443
-28919
-29401
-21121
-14607
5256
13730
-21747
-22417
-13489
-6739
11930
-11697
6744
32140
-25511
-8359
-97
12016
17468
17116
-26401
-18127
-31617
-30381
15382
-32515
5364
-11883
-10709
-4887
27648
28070
-9283
-27567
14802
-28587
1288
-6435
13672
-5963
-19521
24942
31210
3038
-22901
-25927
10046
10120
-12491
-8333
-28887
-6843
8314
18920
-3789
-26877
23168
21934
-17715
8940
-22167
-8195
-30117
-383
-4197
-581
28448
18062
-30195
-22439
28694
-1685
6752
-13595
3778
-16309
-215
22646
31674
-25083
5054
4814
-21187
-11493
7216
-12839
28136
1570
19886
-11855
28366
11674
-14865
-7431
29250
29358
-16835
-12643
8724
-20161
-21551
19060
6440
-2295
5238
21796
19914
18236
13924
1376
30274
-12425
10146
-10877
7080
1122
-22829
8916
20218
19364
15622
12976
13420
-1661
19500
-17003
-22783
31676
-10439
-18387
-1621
-3403
12454
24274
2244
-13817
-5099
-21839
-7081
-5245
-17413
-11855
-28671
10168
-20191
24672
304
-8251
-31319
-21303
11306
-27401
13298
24728
15542
22942
10446
23670
-25861
2864
6616
26716
21388
31540
16446
-5643
-23315
22820
22056
-7525
2484