-8211
-11217
-31987
16620
-20879
16880
8740
-25841
-19451
15230
-9797
1136
28444
15740
3424
31256
13946
-29351
16214
5656
23058
31060
20014
6954
-26443
-26783
30382
3280
-26155
12484
3880
-13021
-24267
-23245
-22679
30264
21256
27502
-26091
-31453
124
-27949
3488
6948
-32429
-26053
-6549
10310
-3459
-15053
10524
-5149
10240
-18837
-31053
-26667
-12075
-13905
-1953
11742
-16717
-13945
17084
11282
4448
-23151
-15753
7640
-21189
-6755
6284
18038
-3381
10868
5492
-1711
27898
-23063
2288
22340
-25439
-701
7876
19642
-11109
18864
9244
2142
-1719
14654
19488
-14983
18144
29978
8904
-6683
30396
-3583
8690
30036
14380
14486
7346
16324
10766
27546
-29929
-16791
-27245
10554
-20249
-19481
2292
-30655
-14455
6008
-32169
19822
29506
11722
30680
29616
23892
-1873
6476
9584
-9463
15358
-29125
-27845
-16377
-28213
-20135
-977
-22787
21200
13040
-15593
10022
31334
2924
-13813
-25527
-16333
29484
23322
-21085
-32733
7220
-31895
3944
-32375
12404
-31725
6244
7366
16122
-21571
17134
-17605
-2405
520
-5575
11778
-17821
3546
-14375
-24481
-10177
-16039
27476
-5027
-18529
14098
17010
-24425
15086
536
-3229
-17779
26734
-21235
-9525
5230
628
31806
-7801
14190
8784
-25179
31320
23416
-26755
27922
-25987
-3651
12406
15482
-10439
-14911
-11371
-9501
17562
-9175
-32179
-14167
27380
-19443
-7457
-22015
19296
23490
10176
-8265
25938
32182
-25537
-13035
-21691
18384
-4535
-1151
-19675
-6941
-24071
-24873
13654
-7297
-1689
-18809
-7563
-10931
2260
-14483
-31265
-30089
27594
-5517
24802
6774
-31407
21528
-14029
-27217
912
-2147
1126
-15447
-28225
29244
-25681
29300
16280
-17273
-16415
4798
23768
9622
20328
6722
9072
-17055
3354
27908
10470
21840
5904
-1857
14094
1148
-11239
-21495
-22655
-3499
-15117
19624
-2375
-775
15130
18010
24542
-8313
14948
4066
-16985
-31759
-24013
17762
31712
-5537
16864
-32017
18018
2484
-29213
12602
-7303
27550
27280
2952
-26599
-2795
-22441
30080
-24441
10240
-2119
-4687
10830
23550
17942
1478
-6783
-14313
-2075
-11427
5220
24330
-13197
10770
30214
-8337
-24295
-28275
-4823
-21631
-19259
7006
-6049
-32707
-1993
26852
-27325
-931
29648
28696
-23685
23646
4772
-32463
-15371
13072
-26113
-22691
9228
-18133
-17055
2366
-5151
-28977
21254
-11221
10802
18864
15524
19442
-4151
-11465
-6941
-17271
-29211
10760
17890
14816
4088
-7533
-5125
10440
-16523
-30735
4684
2478
30696
31748
24452
4346
9836
-28549
-8983
-6715
1012
2894
-20961
-10675
6988
10308
13632
-10005
-10731
28762
26730
-13709
-10205
-5813
16388
-19713
3072
-23311
20464
-30871
-8307
-23641
870
-24183
31564
32420
31558
29906
-28553
-26689
9900
-2083
2634
-23079
-18885
30388
-28733
26518
26338
17764
-12121
20730
-15819
-29097
-22735
1554
21846
-9425
-30525
-4945
17208
-11405
-13605
-32389
9754
-23727
-18335
22198
1520
-15923
29002
-31569
3718
12156
12680
24198
-22619
-23009
-29675
18158
-13235
8296
21482
-21617
10728
-27601
-18649
-19559
-10497
-30679
19992
-28925
-3461
1458
23434
26586
32402
6112
16968
-29699
-20521
-6949
-16791
1788
24524
-8401
26648
-27953
-8011
-3649
-5439
6548
-16859
26024
12038
21638
16232
3088
-24547
-20987
8748
-12443
-28919
-29401
-21121
-14607
5256
13730
-21747
-22417
-13489
-6739
11930
-11697
6744
32140
-25511
-8359
-97
12016
17468
17116
-26401
-18127
-31617
-30381
15382
-32515
5364
-11883
-10709
-4887
27648
28070
-9283
-27567
14802
-28587
1288
-6435
13672
-5963
-19521
24942
31210
3038
-22901
-25927
10046
10120
-12491
-8333
-28887
-6843
8314
18920
-3789
-26877
23168
21934
-17715
8940
-22167
-8195
-30117
-383
-4197
-581
28448
18062
-30195
-22439
28694
-1685
6752
-13595
3778
-16309
-215
22646
31674
-25083
5054
4814
-21187
-11493
7216
-12839
28136
1570
19886
-11855
28366
11674
-14865
-7431
29250
29358
-16835
-12643
8724
-20161
-21551
19060
6440
-2295
5238
21796
19914
18236
13924
1376
30274
-12425
10146
-10877
7080
1122
-22829
8916
20218
19364
15622
12976
13420
-1661
19500
-17003
-22783
31676
-10439
-18387
-1621
-3403
12454
24274
2244
-13817
-5099
-21839
-7081
-5245
-17413
-11855
-28671
10168
-20191
24672
304
-8251
-31319
-21303
11306
-27401
13298
24728
15542
22942
10446
23670
-25861
2864
6616
26716
21388
31540
16446
-5643
-23315
22820
22056
-7525
24840
3456
-6051
-10633
1560
-4115
-20445
320
-15617
-29559
18072
3736
-17313
-18907
-8665
2510
-12883
18180
4064
-19313
5500
17298
-19805
-2501
-17761
-1413
-23521
1382
28732
-29183
-31891
-26925
2702
-3147
17188
-24919
6582
-26143
-21765
11748
-3267
25886
-10455
13374
-6023
-417
-23075
-21531
17388
-25271
-25931
932
11660
-31595
24512
-30423
-7035
-3397
118
22058
-27751
-13331
-3221
-18545
2276
24296
31858
-21505
-20481
23142
-27837
23318
-12831
-20537
12284
14194
-28163
24548
-5175
-14663
-9257
13504
-12533
-3415
-13403
-15681
20840
20058
-6531
26492
-20197
17824
14270
1766
-28567
-7927
-20657
-18271
-7539
-5071
4640
-20847
2414
20892
29372
-975
3822
8060
-20797
-26155
-27519
1818
-2481
14630
7880
1234
29972
-18335
-1725
790
1824
23858
3094
9488
32358
1538
-29439
9352
23198
31670
-9233
-18185
3388
25538
-385
-11839
6212
17128
-7319
1956
3934
18942
24418
24412
-12077
-24561
-32427
6748
-32477
3338
-18471
23506
-12283
11120
8432
-22977
12426
-239
18486
25836
-9043
-9719
12850
10230
12924
24040
3932
-25031
28764
17548
21470
7986
14990
-29925
21320
14292
21316
3370
-17541
-4671
9438
13324
16910
29528
25532
-829
-6749
-23805
592
-31539
-1189
-16363
-11127
25642
3520
-1247
-14089
16488
-20841
12540
19630
13252
-21419
-10605
10484
-1129
-3737
-23115
-14495
6360
2112
-17601
-32321
5932
1242
14446
30218
2466
-10565
15370
27616
11352
-8627
-26957
30642
-18517
8354
16396
5130
16330
-18959
13478
738
-12183
24294
32158
-29881
-18961
15550
-25737
9702
-20227
-1475
-7723
-26155
-17651
-1267
-28125
-16013
22438
8846
-6193
-10595
32742
-31943
-26841
4270
22658
30912
-20421
1704
-17559
-24501
22924
27808
19214
23672
-1805
31748
19302
-27933
18518
26048
-28595
7414
-7877
31686
-32743
6850
10860
6382
-31313
-32545
9914
-15105
-5475
-22347
6744
784
3768
18434
15954
-4107
27478
-23749
-24695
-26511
3376
-22343
17666
24830
-16879
-4895
19322
-18133
-12017
-20929
23254
8762
16018
-685
-22757
-25813
-29355
23526
-12525
-25825
-16473
22182
-11667
-24451
22784
25680
10746
30042
-1167
28582
-24111
-21847
-28933
32316
-19141
-2511
6964
1580
1980
7118
13508
19468
31400
-175
11132
-23837
14350
-1513
-13757
-31173
5138
12076
-2127
1088
-9807
-15021
-6497
18322
-17671
16318
5322
10944
15228
-7073
-26005
-9279
-16285
8350
-30909
-429
-27365
-15187
-7477
-22463
-14977
588
-9515
-11899
-23217
-25555
11406
-15783
16752
-26121
10446
-19841
-23639
11574
-9699
4016
-21951
15454
21648
-1147
13606
-9237
-19945
-16441
24276
-5011
-12307
9480
-14013
-11
-30795
25794
27306
-22073
-15913
-24365
10132
-27195
13350
12402
15952
-6561
-4445
-977
31602
-21447
18574
32402
-13931
-31843
12392
-22335
23540
23642
264
27920
30640
5336
-19133
-29607
268
-18591
18958
-1789
-28523
-28575
15614
-15261
22912
-2247
7566
32528
9210
7708
25988
23704
-871
20232
-16235
-31265
21842
21748
-18651
24948
-5295
-13849
18938
27054
28026
6802
-1603
21744
13210
30646
2694
-30297
-16651
1446
7216
-29745
32572
13090
-11725
-31335
8118
-2977
-31947
28990
-18431
17312
-15489
-3139
13502
24378
29296
17794
-6175
-9977
26568
-6393
-14201
24300
21550
-5197
-3119
-29689
9660
3772
27604
-4981
-2633
-7507
31634
24818
-7659
-5985
29388
15960
-25275
-16171
28930
23096
26072
-25313
-27381
30812
-13743
-2513
29452
-10403
-3449
-475
-24823
24588
23044
-24869
7314
10256
-31671
20496
4108
-22581
-27089
12138
1352
3552
-6897
-28389
-29315
22122
-22235
-10183
31288
-16247
-21881
20452
8768
-16771
20256
-6345
1598
14526
-25109
-20283
2362
24602
29008
20192
19084
674
-24703
-24123
25084
-22285
20814
1758
-10023
-14739
17894
15834
-2085
-14335
-19635
-28795
13160
9222
-6507
18738
-6375
-8151
12108
-16595
1660
-22771
-165
20480
-25483
-25919
-10135
-21733
-20453
-30295
-7197
-295
10732
22310
2890
25622
-16375
26548
13266
25898
12536
2878
27596
-17069
16476
15500
13238
-26805
8498
-15487
31418
-13397
31888
3818
-30767
30484
14130
14754
-15971
20126
-14949
-31193
27288
9402
-17443
-25511
5708
27516
640
8170
28094
27068
-32325
15440
-4013
-11207
6362
16818
-6755
-27731
-8553
1188
2546
-2489
17728
25674
19390
23390
-24439
-27501
-11067
31602
-27603
-1997
31736
22750
-8427
-19385
-9437
-9591
-30089
28126
-28849
29816
-5459
-31581
18398
-7471
-2219
28704
-14201
13814
-5075
-10605
-27005
-15205
-4437
-26299
-29271
14278
19362
-19653
6056
-32457
-6649
7902
29766
20858
17546
8836
7556
-32367
29660
-24887
-11699
21062
12140
15500
22504
-27727
-12183
-2173
26880
-19333
-1721
-8195
23010
-10179
-26007
-10215
22276
27444
32506
29652
-24881
24588
-20125
16818
-27529
-26229
-18249
-16175
-6857
18124
-11327
3486
2508
29710
6614
-14341
14162
-21133
-357
-20337
-257
22248
-7267
-8589
-20393
-4409
-6861
-15731
22732
30864
4296
15042
6494
-2721
26504
-30449
-28105
-5049
21872
-15587
27444
-13047
-8571
-2747
-24069
28344
13786
-27121
4516
-27987
-17887
3494
17794
-9735
-2841
11060
-29531
-7729
-24001
16650
19128
1730
11348
-16311
-1463
-19953
5762
18756
31502
-31021
-12103
-31431
4430
23382
10840
-29749
-30565
31532
30912
4728
-18023
15880
-6347
-4033
28814
10954
-7459
32288
-8575
22802
-12089
20562
29646
-24755
4326
25818
-8133
23908
-24915
-18259
-1889
-23225
10518
7172
17310
15442
-29085
-27061
5876
-30291
27600
-13761
26914
-10771
27122
-9837
12330
-31513
12488
8056
-27293
12356
25598
-3315
3864
-30025
4550
-20563
-5391
-20579
8642
-965
-31433
-8261
11044
-1985
27820
13908
30228
3810
-29115
-24851
11346
-7157
-16733
31454
32028
9808
9824
20700
14418
-22629
-4925
-30255
9432
7318
19358
-22381
5692
-27723
-18205
8788
1432
5442
-12623
-21945
12730
-26919
-11009
3522
-2691
-2917
-12481
-24661
-27533
-20795
-19105
24016
27152
26642
-26935
-2555
-14855
13838
5096
-24891
28302
-10467
-19559
15880
-6543
26346
19320
12960
-3741
5748
31482
-11005
19744
12126
20772
-27397
-21939
-2789
-28943
15618
28362
9660
13428
-25681
7320
18524
696
10334
20528
2460
-6437
3024
4586
-24449
-10363
1024
11016
-12887
-27559
17584
-4761
9728
7122
29690
8606
-3469
-26013
23174
21100
-15627
-17323
25600
-3921
-11679
-25185
-969
21626
10198
-28905
-20973
10516
26678
-893
29782
13234
-29209
27362
-10303
-28143
-1211
9522
-32747
15188
-26257
-19423
10390
26492
31452
-8949
19628
-20341
-21887
-11679
-26169
14954
-16653
-27629
5536
-9599
-27431
9684
-20625
-1789
-11013
-26487
-32053
-19631
5714
4772
-19883
6540
-22589
10658
28600
-1685
-32461
14122
25786
-27393
12916
-30643
5598
28568
3048
-10227
-30867
-29021
31790
7330
-22335
-30575
-31479
-1921
4656
-16433
28464
-3483
-27861
-10665
-1493
4810
15150
31014
27398
24190
-897
17958
6492
32186
-26703
3190
-13181
-1631
28294
-10651
7150
-8109
29688
-18801
-16169
-29703
27148
1554
17392
28662
-10419
-16121
5600
-29297
28062
27496
-32329
21084
-23471
27654
-16189
23886
-3757
-8141
-25831
-13207
-5947
-16419
16670
9602
-29451
-18503
17722
-30167
-21839
-27631
-11815
9636
21360
24880
14008
-11581
-18947
-413
-17469
18050
-3577
-1715
-16727
11360
-15893
-25973
-6923
-29595
18596
-3411
5142
24778
31080
3664
25216
-24483
-9173
27236
19316
32632
15744
-5663
-12623
6402
31956
27792
-18423
350
20486
-6757
25454
-28245
16460
-17491
-5287
28640
5450
-27833
2200
-8939
-19661
23680
23952
346
15036
-4933
-25291
29514
25932
698
30276
-1433
29042
-6473
29898
27048
13214
-24571
28758
-8799
14502
-12185
8348
626
23296
-16657
16864
-24547
-14389
7450
-22027
-8393
6802
-12059
31742
-1359
-11041
-32585
20774
-21247
32728
22544
4432
-17729
-23055
-23221
-26815
26398
10552
-18233
11388
14922
9674
31616
27886
20322
6270
-28083
5802
13170
8638
9698
5516
22202
5466
31470
-11783
20658
15998
5798
-185
-9547
-8161
1328
-27715
28536
1086
-21419
-16727
-5357
29448
530
-32019
26406
23898
-19555
-32141
21932
-5933
-3841
-25775
5524
-28877
-19031
-7493
25160
1166
-2495
13908
15242
3258
12706
-2221
-17589
-21967
30944
-23235
10566
-8423
4466
30394
10908
2680
17486
26304
15100
-18749
1162
19360
18904
22900
-15813
404
-9553
26698
-25027
-1883
5370
5012
-31063
23436
-4575
-20927
15494
17450
16326
5642
-30185
13432
2996
1266
-13651
-17679
-5043
19694
5556
-29229
-15315
-30557
-6717
5200
-5231
-17853
-26309
18180
-30129
-28445
22380
-12793
29784
-20949
15230
26712
-5049
28020
14234
-21079
22788
14586
-4883
21772
-9161
10568
29846
11390
-28603
31700
-21005
11266
-25523
-6561
6084
-22725
20984
-9839
19146
-4773
-3517
-4143
-10907
-16197
-14827
-12985
-5627
11104
-29985
-25537
-14117
-5725
-1785
-31495
-15141
7204
29326
-10959
-6275
-28977
-4667
-15505
-10529
9446
-8357
-1521
7014
24102
-21243
-10737
32412
-17951
26748
31334
-28311
-5479
21306
-3497
8856
-30539
24094
23694
-25457
14180
-29741
31898
-11497
-28011
-27913
19056
-32353
-6989
-699
-6285
7864
29058
-21679
-13877
-22381
-11675
7168
-25261
-27395
-18203
-29943
26229
-18249
-16175
-6857
18124
-11327
3486
2508
29710
6614
-14341
14162
-21133
-357
-20337
-257
22248
-7267
-8589
-20393
-4409
-6861
-15731
22732
30864
4296
15042
6494
-2721
26504
-30449
-28105
-5049
21872
-15587
27444
-13047
-8571
-2747
-24069
28344
13786
-27121
4516
-27987
-17887
3494
17794
-9735
-2841
11060
-29531
-7729
-24001
16650
19128
1730
11348
-16311
-1463
-19953
5762
18756
31502
-31021
-12103
-31431
4430
23382
10840
-29749
-30565
31532
30912
4728
-18023
15880
-6347
-4033
28814
10954
-7459
32288
-8575
22802
-12089
20562
29646
-24755
4326
25818
-8133
23908
-24915
-18259
-1889
-23225
10518
7172
17310
15442
-29085
-27061
5876
-30291
27600
-13761
26914
-10771
27122
-9837
12330
-31513
12488
8056
-27293
12356
25598
-3315
3864
-30025
4550
-20563
-5391
-20579
8642
-965
-31433
-8261
11044
-1985
27820
13908
30228
3810
-29115
-24851
11346
-7157
-16733
31454
32028
9808
9824
20700
14418
-22629
-4925
-30255
9432
7318
19358
-22381
5692
-27723
-18205
8788
1432
5442
-12623
-21945
12730
-26919
-11009
3522
-2691
-2917
-12481
-24661
-27533
-20795
-19105
24016
27152
26642
-26935
-2555
-14855
13838
5096
-24891
28302
-10467
-19559
15880
-6543
26346
19320
12960
-3741
5748
31482
-11005
19744
12126
20772
-27397
-21939
-2789
-28943
15618
28362
9660
13428
-25681
7320
18524
696
10334
20528
2460
-6437
3024
4586
-24449
-10363
1024
11016
-12887
-27559
17584
-4761
9728
7122
29690
8606
-3469
-26013
23174
21100
-15627
-17323
25600
-3921
-11679
-25185
-969
21626
10198
-28905
-20973
10516
26678
-893
29782
13234
-29209
27362
-10303
-28143
-1211
9522
-32747
15188
-26257
-19423
10390
26492
31452
-8949
19628
-20341
-21887
-11679
-26169
14954
-16653
-27629
5536
-9599
-27431
9684
-20625
-1789
-11013
-26487
-32053
-19631
5714
4772
-19883
6540
-22589
10658
28600
-1685
-32461
14122
25786
-27393
12916
-30643
5598
28568
3048
-10227
-30867
-29021
31790
7330
-22335
-30575
-31479
-1921
4656
-16433
28464
-3483
-27861
-10665
-1493
4810
15150
31014
27398
24190
-897
17958
6492
32186
-26703
3190
-13181
-1631
28294
-10651
7150
-8109
29688
-18801
-16169
-29703
27148
1554
17392
28662
-10419
-16121
5600
-29297
28062
27496
-32329
21084
-23471
27654
-16189
23886
-3757
-8141
-25831
-13207
-5947
-16419
16670
9602
-29451
-18503
17722
-30167
-21839
-27631
-11815
9636
21360
24880
14008
-11581
-18947
-413
-17469
18050
-3577
-1715
-16727
11360
-15893
-25973
-6923
-29595
18596
-3411
5142
24778
31080
3664
25216
-24483
-9173
27236
19316
32632
15744
-5663
-12623
6402
31956
27792
-18423
350
20486
-6757
25454
-28245
16460
-17491
-5287
28640
5450
-27833
2200
-8939
-19661
23680
23952
346
15036
-4933
-25291
29514
25932
698
30276
-1433
29042
-6473
29898
27048
13214
-24571
28758
-8799
14502
-12185
8348
626
23296
-16657
16864
-24547
-14389
7450
-22027
-8393
6802
-12059
31742
-1359
-11041
-32585
20774
-21247
32728
22544
4432
-17729
-23055
-23221
-26815
26398
10552
-18233
11388
14922
9674
31616
27886
20322
6270
-28083
5802
13170
8638
9698
5516
22202
5466
31470
-11783
20658
15998
5798
-185
-9547
-8161
1328
-27715
28536
1086
-21419
-16727
-5357
29448
530
-32019
26406
23898
-19555
-32141
21932
-5933
-3841
-25775
5524
-28877
-19031
-7493
25160
1166
-2495
13908
15242
3258
12706
-2221
-17589
-21967
30944
-23235
10566
-8423
4466
30394
10908
2680
17486
26304
15100
-18749
1162
19360
18904
22900
-15813
404
-9553
26698
-25027
-1883
5370
5012
-31063
23436
-4575
-20927
15494
17450
16326
5642
-30185
13432
2996
1266
-13651
-17679
-5043
19694
5556
-29229
-15315
-30557
-6717
5200
-5231
-17853
-26309
18180
-30129
-28445
22380
-12793
29784
-20949
15230
26712
-5049
28020
14234
-21079
22788
14586
-4883
21772
-9161
10568
29846
11390
-28603
31700
-21005
11266
-25523
-6561
6084
-22725
20984
-9839
19146
-4773
-3517
-4143
-10907
-16197
-14827
-12985
-5627
11104
-29985
-25537
-14117