-8211
-11217
-31987
16620
-20879
16880
8740
-25841
-19451
15230
-9797
1136
28444
15740
3424
31256
13946
-29351
16214
5656
23058
31060
20014
6954
-26443
-26783
30382
3280
-26155
12484
3880
-13021
-24267
-23245
-22679
30264
21256
27502
-26091
-31453
124
-27949
3488
6948
-32429
-26053
-6549
10310
-3459
-15053
10524
-5149
10240
-18837
-31053
-26667
-12075
-13905
-1953
11742
-16717
-13945
17084
11282
4448
-23151
-15753
7640
-21189
-6755
6284
18038
-3381
10868
5492
-1711
27898
-23063
2288
22340
-25439
-701
7876
19642
-11109
18864
9244
2142
-1719
14654
19488
-14983
18144
29978
8904
-6683
30396
-3583
8690
30036
14380
14486
7346
16324
10766
27546
-29929
-16791
-27245
10554
-20249
-19481
2292
-30655
-14455
6008
-32169
19822
29506
11722
30680
29616
23892
-1873
6476
9584
-9463
15358
-29125
-27845
-16377
-28213
-20135
-977
-22787
21200
13040
-15593
10022
31334
2924
-13813
-25527
-16333
29484
23322
-21085
-32733
7220
-31895
3944
-32375
12404
-31725
6244
7366
16122
-21571
17134
-17605
-2405
520
-5575
11778
-17821
3546
-14375
-24481
-10177
-16039
27476
-5027
-18529
14098
17010
-24425
15086
536
-3229
-17779
26734
-21235
-9525
5230
628
31806
-7801
14190
8784
-25179
31320
23416
-26755
27922
-25987
-3651
12406
15482
-10439
-14911
-11371
-9501
17562
-9175
-32179
-14167
27380
-19443
-7457
-22015
19296
23490
10176
-8265
25938
32182
-25537
-13035
-21691
18384
-4535
-1151
-19675
-6941
-24071
-24873
13654
-7297
-1689
-18809
-7563
-10931
2260
-14483
-31265
-30089
27594
-5517
24802
6774
-31407
21528
-14029
-27217
912
-2147
1126
-15447
-28225
29244
-25681
29300
16280
-17273
-16415
4798
23768
9622
20328
6722
9072
-17055
3354
27908
10470
21840
5904
-1857
14094
1148
-11239
-21495
-22655
-3499
-15117
19624
-2375
-775
15130
18010
24542
-8313
14948
4066
-16985
-31759
-24013
17762
31712
-5537
16864
-32017
18018
2484
-29213
12602
-7303
27550
27280
2952
-26599
-2795
-22441
30080
-24441
10240
-2119
-4687
10830
23550
17942
1478
-6783
-14313
-2075
-11427
5220
24330
-13197
10770
30214
-8337
-24295
-28275
-4823
-21631
-19259
7006
-6049
-32707
-1993
26852
-27325
-931
29648
28696
-23685
23646
4772
-32463
-15371
13072
-26113
-22691
9228
-18133
-17055
2366
-5151
-28977
21254
-11221
10802
18864
15524
19442
-4151
-11465
-6941
-17271
-29211
10760
17890
14816
4088
-7533
-5125
10440
-16523
-30735
4684
2478
30696
31748
24452
4346
9836
-28549
-8983
-6715
1012
2894
-20961
-10675
6988
10308
13632
-10005
-10731
28762
26730
-13709
-10205
-5813
16388
-19713
3072
-23311
20464
-30871
-8307
-23641
870
-24183
31564
32420
31558
29906
-28553
-26689
9900
-2083
2634
-23079
-18885
30388
-28733
26518
26338
17764
-12121
20730
-15819
-29097
-22735
1554
21846
-9425
-30525
-4945
17208
-11405
-13605
-32389
9754
-23727
-18335
22198
1520
-15923
29002
-31569
3718
12156
12680
24198
-22619
-23009
-29675
18158
-13235
8296
21482
-21617
10728
-27601
-18649
-19559
-10497
-30679
19992
-28925
-3461
1458
23434
26586
32402
6112
16968
-29699
-20521
-6949
-16791
1788
24524
-8401
26648
-27953
-8011
-3649
-5439
6548
-16859
26024
12038
21638
16232
3088
-24547
-20987
8748
-12443
-28919
-29401
-21121
-14607
5256
13730
-21747
-22417
-13489
-6739
11930
-11697
6744
32140
-25511
-8359
-97
12016
17468
17116
-26401
-18127
-31617
-30381
15382
-32515
5364
-11883
-10709
-4887
27648
28070
-9283
-27567
14802
-28587
1288
-6435
13672
-5963
-19521
24942
31210
3038
-22901
-25927
10046
10120
-12491
-8333
-28887
-6843
8314
18920
-3789
-26877
23168
21934
-17715
8940
-22167
-8195
-30117
-383
-4197
-581
28448
18062
-30195
-22439
28694
-1685
6752
-13595
3778
-16309
-215
22646
31674
-25083
5054
4814
-21187
-11493
7216
-12839
28136
1570
19886
-11855
28366
11674
-14865
-7431
29250
29358
-16835
-12643
8724
-20161
-21551
19060
6440
-2295
5238
21796
19914
18236
13924
1376
30274
-12425
10146
-10877
7080
1122
-22829
8916
20218
19364
15622
12976
13420
-1661
19500
-17003
-22783
31676
-10439
-18387
-1621
-3403
12454
24274
2244
-13817
-5099
-21839
-7081
-5245
-17413
-11855
-28671
10168
-20191
24672
304
-8251
-31319
-21303
11306
-27401
13298
24728
15542
22942
10446
23670
-25861
2864
6616
26716
21388
31540
16446
-5643
-23315
22820
22056
-7525
24840
3456
-6051
-10633
1560
-4115
-20445
320
-15617
-29559
18072
3736
-17313
-18907
-8665
2510
-12883
18180
4064
-19313
5500
17298
-19805
-2501
-17761
-1413
-23521
1382
28732
-29183
-31891
-26925
2702
-3147
17188
-24919
6582
-26143
-21765
11748
-3267
25886
-10455
13374
-6023
-417
-23075
-21531
17388
-25271
-25931
932
11660
-31595
24512
-30423
-7035
-3397
118
22058
-27751
-13331
-3221
-18545
2276
24296
31858
-21505
-20481
23142
-27837
23318
-12831
-20537
12284
14194
-28163
24548
-5175
-14663
-9257
13504
-12533
-3415
-13403
-15681
20840
20058
-6531
26492
-20197
17824
14270
1766
-28567
-7927
-20657
-18271
-7539
-5071
4640
-20847
2414
20892
29372
-975
3822
8060
-20797
-26155
-27519
1818
-2481
14630
7880
1234
29972
-18335
-1725
790
1824
23858
3094
9488
32358
1538
-29439
9352
23198
31670
-9233
-18185
3388
25538
-385
-11839
6212
17128
-7319
1956
3934
18942
24418
24412
-12077
-24561
-32427
6748
-32477
3338
-18471
23506
-12283
11120
8432
-22977
12426
-239
18486
25836
-9043
-9719
12850
10230
12924
24040
3932
-25031
28764
17548
21470
7986
14990
-29925
21320
14292
21316
3370
-17541
-4671
9438
13324
16910
29528
25532
-829
-6749
-23805
592
-31539
-1189
-16363
-11127
25642
3520
-1247
-14089
16488
-20841
12540
19630
13252
-21419
-10605
10484
-1129
-3737
-23115
-14495
6360
2112
-17601
-32321
5932
1242
14446
30218
2466
-10565
15370
27616
11352
-8627
-26957
30642
-18517
8354
16396
5130
16330
-18959
13478
738
-12183
24294
32158
-29881
-18961
15550
-25737
9702
-20227
-1475
-7723
-26155
-17651
-1267
-28125
-16013
22438
8846
-6193
-10595
32742
-31943
-26841
4270
22658
30912
-20421
1704
-17559
-24501
22924
27808
19214
23672
-1805
31748
19302
-27933
18518
26048
-28595
7414
-7877
31686
-32743
6850
10860
6382
-31313
-32545
9914
-15105
-5475
-22347
6744
784
3768
18434
15954
-4107
27478
-23749
-24695
-26511
3376
-22343
17666
24830
-16879
-4895
19322
-18133
-12017
-20929
23254
8762
16018
-685
-22757
-25813
-29355
23526
-12525
-25825
-16473
22182
-11667
-24451
22784
25680
10746
30042
-1167
28582
-24111
-21847
-28933
32316
-19141
-2511
6964
1580
1980
7118
13508
19468
31400
-175
11132
-23837
14350
-1513
-13757
-31173
5138
12076
-2127
1088
-9807
-15021
-6497
18322
-17671
16318
5322
10944
15228
-7073
-26005
-9279
-16285
8350
-30909
-429
-27365
-15187
-7477
-22463
-14977
588
-9515
-11899
-23217
-25555
11406
-15783
16752
-26121
10446
-19841
-23639
11574
-9699
4016
-21951
15454
21648
-1147
13606
-9237
-19945
-16441
24276
-5011
-12307
9480
-14013
-11
-30795
25794
27306
-22073
-15913
-24365
10132
-27195
13350
12402
15952
-6561
-4445
-977
31602
-21447
18574
32402
-13931
-31843
12392
-22335
23540
23642
264
27920
30640
5336
-19133
-29607
268
-18591
18958
-1789
-28523
-28575
15614
-15261
22912
-2247
7566
32528
9210
7708
25988
23704
-871
20232
-16235
-31265
21842
21748
-18651
24948
-5295
-13849
18938
27054
28026
6802
-1603
21744
13210
30646
2694
-30297
-16651
1446
7216
-29745
32572
13090
-11725
-31335
8118
-2977
-31947
28990
-18431
17312
-15489
-3139
13502
24378
29296
17794
-6175
-9977
26568
-6393
-14201
24300
21550
-5197
-3119
-29689
9660
3772
27604
-4981
-2633
-7507
31634
24818
-7659
-5985
29388
15960
-25275
-16171
28930
23096
26072
-25313
-27381
30812
-13743
-2513
29452
-10403
-3449
-475
-24823
24588
23044
-24869
7314
10256
-31671
20496
4108
-22581
-27089
12138
1352
3552
-6897
-28389
-29315
22122
-22235
-10183
31288
-16247
-21881
20452
8768
-16771
20256
-6345
1598
14526
-25109
-20283
2362
24602
29008
20192
19084
674
-24703
-24123
25084
-22285
20814
1758
-10023
-14739
17894
15834
-2085
-14335
-19635
-28795
13160
9222
-6507
18738
-6375
-8151
12108
-16595
1660
-22771
-165
20480
-25483
-25919
-10135
-21733
-20453
-30295
-7197
-295
10732
22310
2890
25622
-16375
26548
13266
25898
12536
2878
27596
-17069
16476
15500
13238
-26805
8498
-15487
31418
-13397
31888
3818
-30767
30484
14130
14754
-15971
20126
-14949
-31193
27288
9402
-17443
-25511
5708
27516
640
8170
28094
27068
-32325
15440
-4013
-11207
6362
16818
-6755
-27731
-8553
1188
2546
-2489
17728
25674
19390
23390
-24439
-27501
-11067
31602
-27603
-1997
31736
22750
-8427
-19385
-9437
-9591
-30089
28126
-28849
29816
-5459
-31581
18398
-7471
-2219
28704
-14201
13814
-5075
-10605
-27005
-15205
-4437
-26299
-29271
14278
19362
-19653
6056
-32457
-6649
7902
29766
20858
17546
8836
7556
-32367
29660
-24887
-11699
21062
12140
15500
22504
-27727
-12183
-2173
26880
-19333
-1721
-8195
23010
-10179
-26007
-10215
22276
27444
32506
29652
-24881
24588
-20125
16818
-27529
-26229
-18249
-16175
-6857
18124
-11327
3486
2508
29710
6614
-14341
14162
-21133
-357
-20337
-257
22248
-7267
-8589
-20393
-4409
-6861
-15731
22732
30864
4296
15042
6494
-2721
26504
-30449
-28105
-5049
21872
-15587
27444
-13047
-8571
-2747
-24069
28344
13786
-27121
4516
-27987
-17887
3494
17794
-9735
-2841
11060
-29531
-7729
-24001
16650
19128
1730
11348
-16311
-1463
-19953
5762
18756
31502
-31021
-12103
-31431
4430
23382
10840
-29749
-30565
31532
30912
4728
-18023
15880
-6347
-4033
28814
10954
-7459
32288
-8575
22802
-12089
20562
29646
-24755
4326
25818
-8133
23908
-24915
-18259
-1889
-23225
10518
7172
17310
15442
-29085
-27061
5876
-30291
27600
-13761
26914
-10771
27122
-9837
12330
-31513
12488
8056
-27293
12356
25598
-3315
3864
-30025
4550
-20563
-5391
-20579
8642
-965
-31433
-8261
11044
-1985
27820
13908
30228
3810
-29115
-24851
11346
-7157
-16733
31454
32028
9808
9824
20700
14418
-22629
-4925
-30255
9432
7318
19358
-22381
5692
-27723
-18205
8788
1432
5442
-12623
-21945
12730
-26919
-11009
3522
-2691
-2917
-12481
-24661
-27533
-20795
-19105
24016
27152
26642
-26935
-2555
-14855
13838
5096
-24891
28302
-10467
-19559
15880
-6543
26346
19320
12960
-3741
5748
31482
-11005
19744
12126
20772
-27397
-21939
-2789
-28943
15618
28362
9660
13428
-25681
7320
18524
696
10334
20528
2460
-6437
3024
4586
-24449
-10363
1024
11016
-12887
-27559
17584
-4761
9728
7122
29690
8606
-3469
-26013
23174
21100
-15627
-17323
25600
-3921
-11679
-25185
-969
21626
10198
-28905
-20973
10516
26678
-893
29782
13234
-29209
27362
-10303
-28143
-1211
9522
-32747
15188
-26257
-19423
10390
26492
31452
-8949
19628
-20341
-21887
-11679
-26169
14954
-16653
-27629
5536
-9599
-27431
9684
-20625
-1789
-11013
-26487
-32053
-19631
5714
4772
-19883
6540
-22589
10658
28600
-1685
-32461
14122
25786
-27393
12916
-30643
5598
28568
3048
-10227
-30867
-29021
31790
7330
-22335
-30575
-31479
-1921
4656
-16433
28464
-3483
-27861
-10665
-1493
4810
15150
31014
27398
24190
-897
17958
6492
32186
-26703
3190
-13181
-1631
28294
-10651
7150
-8109
29688
-18801
-16169
-29703
27148
1554
17392
28662
-10419
-16121
5600
-29297
28062
27496
-32329
21084
-23471
27654
-16189
23886
-3757
-8141
-25831
-13207
-5947
-16419
16670
9602
-29451
-18503
17722
-30167
-21839
-27631
-11815
9636
21360
24880
14008
-11581
-18947
-413
-17469
18050
-3577
-1715
-16727
11360
-15893
-25973
-6923
-29595
18596
-3411
5142
24778
31080
3664
25216
-24483
-9173
27236
19316
32632
15744
-5663
-12623
6402
31956
27792
-18423
350
20486
-6757
25454
-28245
16460
-17491
-5287
28640
5450
-27833
2200
-8939
-19661
23680
23952
346
15036
-4933
-25291
29514
25932
698
30276
-1433
29042
-6473
29898
27048
13214
-24571
28758
-8799
14502
-12185
8348
626
23296
-16657
16864
-24547
-14389
7450
-22027
-8393
6802
-12059
31742
-1359
-11041
-32585
20774
-21247
32728
22544
4432
-17729
-23055
-23221
-26815
26398
10552
-18233
11388
14922
9674
31616
27886
20322
6270
-28083
5802
13170
8638
9698
5516
22202
5466
31470
-11783
20658
15998
5798
-185
-9547
-8161
1328
-27715
28536
1086
-21419
-16727
-5357
29448
530
-32019
26406
23898
-19555
-32141
21932
-5933
-3841
-25775
5524
-28877
-19031
-7493
25160
1166
-2495
13908
15242
3258
12706
-2221
-17589
-21967
30944
-23235
10566
-8423
4466
30394
10908
2680
17486
26304
15100
-18749
1162
19360
18904
22900
-15813
404
-9553
26698
-25027
-1883
5370
5012
-31063
23436
-4575
-20927
15494
17450
16326
5642
-30185
13432
2996
1266
-13651
-17679
-5043
19694
5556
-29229
-15315
-30557
-6717
5200
-5231
-17853
-26309
18180
-30129
-28445
22380
-12793
29784
-20949
15230
26712
-5049
28020
14234
-21079
22788
14586
-4883
21772
-9161
10568
29846
11390
-28603
31700
-21005
11266
-25523
-6561
6084
-22725
20984
-9839
19146
-4773
-3517
-4143
-10907
-16197
-14827
-12985
-5627
11104
-29985
-25537
-14117
-5725
-1785
-31495
-15141
7204
29326
-10959
-6275
-28977
-4667
-15505
-10529
9446
-8357
-1521
7014
24102
-21243
-10737
32412
-17951
26748
31334
-28311
-5479
21306
-3497
8856
-30539
24094
23694
-25457
14180
-29741
31898
-11497
-28011
-27913
19056
-32353
-6989
-699
-6285
7864
29058
-21679
-13877
-22381
-11675
7168
-25261
-27395
-18203
-29943
-171
19114
24200
25038
-7691
-20251
8898
-27321
-9155
30916
-8339
-32551
-16921
-31525
12422
31812
27924
6010
-30461
-31939
32048
2714
10878
21980
-18517
-4639
5198
26000
18186
-19655
-32577
5684
-6631
31258
2256
-15149
840
-23885
2156
-11001
-10569
-18279
274
-14959
13294
3234
20768
-32071
-7073
26900
-5223
28636
15330
6286
-27777
-28209
32314
-9669
9060
7218
12656
-13487
23608
-9021
24832
19504
18022
-26849
-16585
25334
1778
8934
262
13218
19466
-27789
-7807
7208
-16095
16664
-769
3192
-18355
-32653
-2571
18526
-22579
23480
15818
166
12296
-24687
-24647
-1925
-20393
26394
5344
9268
-3443
10354
-15861
18910
-251
19080
-25315
13756
-14499
-4105
12854
-14463
-28011
-3265
29722
12014
10506
-863
-275
28112
4670
20600
4334
9484
21344
1742
30200
-32271
-20283
-8401
-6253
31086
6174
27494
-17971
20428
23856
3560
10952
-23039
16900
21356
890
17518
-21613
6474
25558
-4541
5268
-1753
7778
-12461
-17223
-29305
-9615
-10557
27284
-6103
-30953
9494
-21655
876
-29329
-22309
25744
-22343
-2285
1674
1592
-19725
22686
-16561
10070
6462
2738
30398
-28557
-5049
-27419
-2607
10872
-18819
17248
3260
-6137
23492
-19859
14210
-5837
20498
-21379
-23905
23908
13810
20018
-23715
13552
17820
6538
21470
-27325
-23551
-4171
-7707
27584
-30725
9288
-23095
15986
7448
-18131
394
-20191
-16101
13686
-20935
-16633
6752
32484
-3619
-15667
8200
21550
23482
-27467
21356
31290
15662
-3943
17390
28530
-29073
32100
-711
-6585
-14981
-22123
-14923
-4259
-19873
-17605
19054
-22501
-29975
10736
3720
7690
9108
29426
-12373
21352
32616
-1773
11328
-11603
-10471
1012
-27361
27024
-16399
-15901
5060
26124
-28011
-13527
32108
24782
29238
29310
-24215
-29739
964
-2605
9412
-9017
30238
10196
-5107
2694
-31213
26250
5036
-2313
-29081
24868
19778
30040
-8625
12550
-32601
13084
16526
-20281
10918
15554
-10547
3006
31734
30068
13688
3874
6002
22344
872
-6739
-10529
-20919
-10727
30898
24238
27728
8344
-22633
11884
-429
-24317
-31999
-3991
-9895
30432
42
-2013
4550
11762
5348
12828
-5883
-23219
192
8814
2962
-2193
-16255
-19299
9826
10068
1246
-18573
-12359
-18873
-4275
12866
6354
-14173
2360
-24221
17214
-21981
-20391
13254
8102
11580
-775
-28531
25718
-2949
-9541
-1967
31776
-2993
5766
-2267
31504
970
23228
5362
-12769
-7761
-23927
-26641
-12241
8926
-10239
1590
18802
12806
-15775
-30279
-30627
-30849
-4675
-11863
-8895
7564
20294
5414
11796
-28813
-23173
15590
-22423
6646
21432
-15173
-16341
-21355
31746
-17063
-11821
-27431
15302
-24755
-25917
5788
-15037
1554
7066
-22617
-15941
-15219
27844
-32049
16892
-10195
-22105
29850
32398
-19451
5512
-2131
-21195
5962
-30921
14154
-17149
14772
-31179
14268
632
-22283
13230
25758
15218
-32637
-2419
6716
-2325
-4447
-4273
17952
-22483
-26665
-5257
-11829
8186
-31937
-17627
13100
11912
23292
26042
-4639
28736
4194
4894
26996
-29437
-30769
-27865
-1285
-4423
-2213
-16077
-13693
31780
-1399
-31067
-14085
5936
-15267
-3615
-27425
23280
-10863
1242
27092
12644
-15785
-23727
-11787
-219
32048
-3475
-24889
-22795
21942
-15871
2622
-30305
-24259
-231
-9101
3990
-16893
12272
23694
-8579
10152
13790
-2625
11574
-19561
-23883
-2853
-7237
-9295
-30623
8792
16226
-12051
28732
-3583
6960
-24991
-8185
23784
30550
18638
29906
18286
-25553
-18803
16862
-3997
10382
8604
-19329
-11415
21304
3864
25570
17718
-22351
16182
-11167
-15859
29818
27600
19136
-24071
22302
18824
13802
20432
-10031
11090
-21461
-117
31046
-32563
5888
-8909
22004
2120
24484
-22909
-19287
-31241
14822
-19553
15594
-22735
19536
11566
-26017
17300
2690
-28501
16438
2810
-37
14122
-18877
-14735
-18465
-17477
-21119
29008
1040
23336
-20741
17004
26610
-29219
-27507
24394
11810
-9589
11032
20940
-1929
14004
3650
5590
-23569
-7023
-27735
15626
28508
-24337
-24609
32726
-15799
23560
11370
-24497
-9545
-4135
-20169
-16033
12176
-4169
-13499
-4097
-3855
24376
-18165
-1665
9536
-11213
-16121
25454
9424
14936
31464
19252
-9227
-32065
-17303
-17185
13206
8432
14564
-15467
19804
-3819
-22603
-20597
12234
11326
20916
4686
-31039
22304
-7823
6522
6078
-26579
-3875
10742
-24807
14540
-16931
7542
-26149
31252
-14979
-29169
22824
21486
-1929
-8543
5270
7354
-13095
9922
-7421
-9753
27272
-21603
-11789
25938
-5353
24414
10244
-31477
19626
17504
-29033
23998
-28325
27056
-8445
-11451
13246
8812
-1007
-27825
-2235
30486
-21583
-13501
-6231
-22351
-13253
-3639
-15249
-6369
-16003
-3035
17482
-26627
19064
-23595
-22031
-3289
9926
-23311
16692
-10811
-28535
-26303
5154
-22967
-18795
31714
-22257
-18649
-6805
23800
9530
-15273
4712
-18677
6694
6262
-5771
1326
-17099
24786
26580
-15993
-2745
15326
4980
1424
-22223
30152
-1135
-27319
16980
-6289
18768
-31903
-12867
532
25114
-11913
-13029
6980
-10881
27054
-21413
-5301
13402
-19935
-29985
19550
-9809
-25961
-15741
-16541
29402
-20539
9980
-13435
31594
-10827
-23761
26930
29670
-12597
23090
4332
6748
-27941
-32687
24270
-5873
24824
4802
-22581
6170
1438
-23463
-19263
-32527
-5315
-21869
3726
-12413
26286
9294
28232
-23931
-26473
17980
27234
22720
26402
12732
-10783
-19475
-18897
-22263
-18643
25090
-23067
14094
-24557
-14295
17270
-1455
29236
11208
-30607
2278
-7249
23406
-745
-11061
11918
-26233
5318
29670
-5085
-18849
15946
22944
10780
26080
11486
-9017
-28567
2014
-25555
-19147
-10703
-941
-14663
5898
27002
14518
-6733
24276
4042
-4595
23112
11018
14578
-22111
4504
-10911
-12263
-23979
-20345
11502
-20323
-32051
-8999
-5713
29744
16688
-16455
-751
-25763
-17967
17026
-3029
-20839
18114
-21619
-25161
-21371
-12661
-15811
13658
2942
-23299
7314
5564
-17963
8394
-19993
-19411
18976
-3965
19086
21518
-13027
-25113
30792
30070
32038
27930
14884
-9863
10314
18926
-15655
13374
-4387
22186
-18789
-24435
-27131
24060
-6689
-25705
-29657
31584
-309
8356
-23811
-3991
-22965
19194
-26817
22870
-3535
-29165
17508
-1595
-13301
13368
-11655
20484
-1855
26536
-19861
-31235
16138
-8749
-28299
-17101
2534
-22833
-27903
-7731
-12207
2856
2914
-19315
-7929
-10089
2690
-7087
-27057
10300
11090
-31901
29954
4916
32238
-7041
24694
-21439
8666
13400
26718
-9211
23434
24918
-18291
-30667
9000
-32403
-23485
-7723
-4241
30210
4788
3264
-18593
1954
24742
-2483
20400
25080
18264
10176
25948
7868
12272
18570
-19849
-30675
7186
6450
-10919
-18557
29258
-15655
19764
11984
27050
6976
-7297
-24933
22708
264
31928
-3409
27514
-4185
22046
20566
-1283
11052
8598
-9051
-20465
-20911
-7783
18714
-16993
9880
5438
-5401
-6419
-3513
-19575
-7899
-3531
-6357
4504
-13655
19702
-14003
31774
-9897
-28305
22640
-19837
12296
-30279
-281
4706
10744
-7897
29562
-26939
17600
-29891
29232
-4601
-26911
-1053
17926
11028
-4411
-7615
32382
16336
11738
30632
-8365
3008
27604
-11425
14412
6024
-28105
-24349
-32525
4838
-19983
868
-3627
4084
31982
5360
-20037
-935
20240
-15127
6508
12188
-20531
-8427
-17275
22804
-11809
-1119
31910
-28989
20450
-16555
16982
-4787
27952
-22513
-21045
30790
-14891
16416
21380
20734
31566
-30489
-10933
5468
5538
8720
11062
-16867
-28465
-15413
-7051
-6871
13246
6292
-16287
-23877
-20915
15162
23900
-323
-17243
19866
-28537
-29049
-30801
-12847
-31379
23520
-29497
31586
14464
32714
-28589
-18861
3552
-7459
9338
-21761
32244
26870
-30221
-9573
4276
11058
11560
-16097
-24347
-27055
1498
17562
14790
17516
-10925
22334
-7613
-26395
-28705
12962
-27537
-13279
-25689
20138
-5287
2900
-1813
1898
-13011
21968
15840
4234
15912
12776
-22667
-14319
-21775
27702
-14809
-15255
-19095
9306
30844
-14021
28428
-17215
3136
-27231
-18123
9888
-23431
25748
9044
9674
-15605
-19393
-21153
-21411
16748
20630
-22711
-8683
-23099
-2933
26490
18882
12178
18714
-2245
7530
15162
-2689
11962
-10063
31618
15364
-7767
14916
-21117
-26565
26698
22288
25962
-26443
-25607
-2857
4212
22640
-24855
-11455
17052
22906
-691
6140
-22003
20616
-31121
-20875
14348
16944
4094
-12887
-30385
31590
-15405
-149
-1237
-4767
-11471
6660
19402
-1079
-995
-4979
23732
28176
13264
-29061
22078
-11901
-12977
-24241
-21131
27230
30704
652
29040
16012
30742
-24139
21216
-8311
-4833
-21123
-5543
-12813
10136
12852
-11867
3294
-17307
1798
10896
18558
7998
27346
13388
-16427
-23767
6756
-27067
23472
15894
9600
-23843
-24457
-17301
24610
-20761
2120
27312
30986
1270
30008
-32151
22904
-9605
-9791
-10657
-12853
13822
-4361
20452
22994
1336
4450
17410
24628
794
14564
-27973
-31569
-2643
-16851
-32239
12596
29258
-10565
-13515
-25415
32088
13446
23816
-7889
30518
26042
-71
22206
-6065
9156
-32499
-27295
-32165
-6503
-721
-7921
22056
-4011
32728
27298
1030
-18307
14146
-15825
23406
5804
-28899
9686
17898
19416
24250
29314
25236
7692
24262
-16551
30344
-11079
3866
-3547
-16789
19044
26676
14714
2872
-13377
-20875
5866
31690
-18465
-25703
-29987
5624
-28495
-20725
16238
25716
-25605
-6555
7020
12266
-24459
-6281
-10331
20790
-29603
-913
-17301
29652
-4901
25144
-30297
-23703
-3559
-10765
28878
2206
-991
-30009
-13893
-14469
5004
1880
-24255
15320
-18321
-5255
-4527
-4301
1956
32446
-7681
11314
4262
-32097
21338
32164
-14355
-25361
162
1026
-32413
30152
15296
-1569
13844
-3365
22180
-17345
-16009
27396
-9611
12992
-7859
594
31358
7310
31634
8224
31260
-12257
-13137
-10997
11674
23210
-8049
-27753
30216
-71
16932
-6383
17622
24570
-25335
-2547
15766
16282
24244
-24101
-9475
11912
-11911
29716
-16707
-29925
-27231
29438
-3945
770
-19095
21990
29246
29976
27862
11496
-15937
32570
24628
2250
18156
-21895
15518
-17619
-20793
25764
-18811
8928
-3941
28266
-30607
28084
2548
-24283
12832
5520
-6645
-27995
19288
-31491
-22663
-24093
-2027
23556
10140
-30683
3578
5950
-14333
458
15158
-14763
-12431
-24013
9800
2660
23252
4840
-20337
2232
30900
23544
-17517
-4219
10110
3746
15262
6304
29738
28298
27238
-16395
-1249
-16581
-6869
7328
-31679
13200
17540
160
-30423
28226
11456
-10805
-20855
-23935
-20971
-4427
2734
-4015
9760
18338
29964
13742
23830
-7969
-5033
-7109
-20807
2670
18536
11994
-17489
-27579
-14205
-25059
32412
-17891
-1069
-1953
-4669
-949
-19157
29834
17690
-18831
31790
-32007
-26191
1328
-32207
-9183
-4817
-12231
13300
-3315
-11601
-30287
-22653
-2093
3428
-15391
17210
-18611
10720
-11197
-1893
7264
-17033
18932
2672
14196
-19693
16166
30722
26762
10380
-19171
14140
-18635
24124
-5561
17728
15458
28364
21838
6388
-22319
29928
-30381
-29699
31168
7740
17118
-17701
-14973
-16349
-12729
-32673
28450
2532
-24315
3088
-27251
7772
21914
-13923
-16939
3934
9558
-15655
-12597
2170
-30353
26120
27166
-10073
4192
15252
-28107
-18337
1250
22594
-14951
-17945
-30673
-25267
26272
32526
13142
-7991
-32019
-3061
32546
-14995
11268
-1105
28090
12802
-7507
-17879
5138
-31865
-2731
2000
24414
-22831
-25085
15808
-32037
-26461
-3629
-3397
-2455
27458
-14347
-23361
30752
-25707
4996
-13371
-27197
-22833
3354
-5123
-26767
-31619
-27537
-20629
12846
2790
-14827
11328
-5695
-6073
-3479
21256
-3017
3006
31974
18248
31684
7126
22974
412
-29043
1804
1170
-18429
9460
-18133
-27537
46
5142
5270
2590
344
7530
-26727
-31873
-10481
-20893
-21783
31708
-14049
28420
25968
22112
13544
-15225
24252
14272
27962
12390
3208
21990
-13421
-11551
-31143
21990
-2709
-9077
14970
32048
22446
29320
-11375
-777
18234
25564
20168
5692
1834
-32431
6302
27404
28162
9610
-28709
25966
-19513
-12823
-10033
-13173
27870
818
-8441
27662
2434
12610
-1307
-1517
-13649
23754
-9185
-15047
898
-19259
-28611
10946
27890
-17933
-12333
21546
-14603
-28685
20866
-13157
-28139
-1273
30304
-7977
3010
14154
11814
13548
6012
-8273
-29875
27036
-14497
-30341
-24433
-4753
-28281
32284
-7059
31424
-8307
26584
8602
-22577
-3527
4644
16926
-13747
-24667
-24671
-28619
9422
26340
7288
27306
-19449
-14925
-5819
-12449
-9485
21084
30698
22334
32762
-19859
31120
12976
7608
28756
30866
28182
-30593
-8009
-5639
-30973
1598
-22787
-23113
-28195
-7743
-29409
3660
-22401
13102
7476
-16175
-29577
6214
29344
-8209
-24493
4288
5830
15910
19488
17550
-10271
15114
7392
27980
-2347
-341
7156
20340
17612
-10095
8434
-21457
4588
29862
-20933
21814
14950
-15485
-24749
-30319
26916
-1095
-27527
5240
-9093
-9973
-24655
-10477
-29185
-27437
-2787
12482
-31759
16284
12298
27444
6982
4492
22964
-1279
-10691
-29113
14468
978
4044
31584
-16011
1536
21682
12698
-22359
10872
14076
18152
24876
-13559
-4033
-783
-19345
17020
1366
15142
32526
-8701
20778
-4077
-29237
9560
-7405
26208
-4063
32396
15096
20108
21176
-32041
-15849
19618
14846
-16389
-13197
14410
-31621
-12081
1796
-9785
-5887
-21035
-19999
4102
11898
-22101
-1549
-11833
18474
22950
-823
14502
-23913
19872
6248
-249
23292
1666
-14641
-7057
30360
19134
7052
2706
32164
-30381
-7359
-7989
-321
2178
-28035
-1379
904
-10365
18790
-11651
2578
-353
15726
2192
14782
-32039
-16895
19054
24494
14836
11262
9854
-2963
-19273
-14647
14960
-7979
-7033
15356
7000
30472
-353
-10767
14596
4242
-24147
-4803
-2957
-20815
-22611
-16477
-16173
21346
1158
2240
21072
23378
-5607
4426
23022
-23309
25660
-2553
-24599
-9773
-24393
9170
4304
-15225
-16963
-18051
-10525
-18351
-7047
-18759
-23647
-17793
31884
13066
9184
-24285
26134
17870
-11437
-29553
-17581
-22861
22436
-26735
4430
-18655
-32717
-9613
27232
-30879
31470
-25425
-14569
-13769
-2137
-11915
13826
-30311
-8713
-17699
-25737
-15405
-25581
12308
-21269
-7841
32132
-16057
-14895
-16511
25002
18248
-19135
-13403
10418
20636
16580
5256
22708
-2359
3656
-21049
2088
-12167
12948
32742
3764
20328
4512
-6897
-14403
-30955
-24525
6282
-11863
-21589
30166
14800
2976
-14187
8452
27448
-19917
-8173
17314
-13107
6562
-14177
-22961
-29707
-1355
-17425
-13789
1294
23792
-11095
-2735
-26351
-5513
26904
-5123
-5993
25076
-8335
-29885
-18469
7748
10828
7352
31966
-1373
17276
-19199
-21699
25790
17002
64
-797
-17053
29766
-30077
-15153
-10809
2086
-27397
4968
4716
11082
-25507
-9133
-4735
15012
-8213
-25367
-22851
-11671
-28351
2248
-6749
7680
-9121
-29717
26082
-4467
-19591
-24551
7716
-26567
-30079
25952
-32715
4820
4496
4546
-28711
-31611
-23465
-5005
1476
-14311
17368
17128
-32575
-30483
15548
2370
-7257
17804
-32061
-27705
3402
-3961
2682
-16315
27736
984
-7683
-17259
-30119
15626
-15433
12102
-29011
21138
-3923
29574
956
14362
22962
12230
-22561
3510
5558
9576
-22897
-17773
5346
10548
-27997
16886
13214
-22593
26034
-21183
29996
-5145
7142
12596
-7133
2584
27376
-25405
-4485
-18965
-31581
9992
13356
-12357
-5537
19466
23302
-9819
-28331
7488
10150
32756
8892
-16571
30574
-30259
21112
-12379
2378
1704
5694
-12251
11166
-14711
-15285
-25613
1660
4790
-423
-28519
-22043
13078
-17939
-14271
10628
27590
-23165
-14675
-31119
18836
-29321
2828
11278
23382
24776
30724
22344
14216
5586
-21061
-22953
1334
-5525
25300
-6583
-3101
22252
6894
584
-4109
16756
-27281
3826
-31633
-15771
24638
31940
7634
-2809
30206
-29491
-32697
20708
-12195
-14679
5204
7486
28240
19288
-18555
17810
-7483
-25635
-13747
-24159
7090
-20321
31826
15540
2140
-6057
2276
-13821
20930
25844
18638
-4637
-12301
8018
-4657
-25533
-27665
10716
-17169
-15075
-6027
18922
-23479
26054
-6823
3718
-6227
-13281
15046
19488
19942
28486
-32381
-131
-3679
-53
-4833
-13063
22532
-28397
5634
9480
21524
14274
-27317
26264
-26795
9584
-31127
-9073
-8677
-9647
846
-15405
13894
-19463
26642
32698
10842
30438
-2157
6408
22424
19184
9022
1284
23180
30870
21764
9418
11318
32746
-7257
16406
-27309
-26289
-1981
3068
-5383
5306
-28821
2522
-15997
-19055
-26483
21130
-31947
26026
13720
8668
5590
26826
6072
-13891
-12433
-30725
-5629
22734
-3361
16640
7502
8538
2112
156
15824
-19207
-28127
-6931
-12973
11496
-24335
-31301
-5909
-11007
-20257
9804
-27779
13160
23564
19542
22082
7124
1552
10164
-11823
-29497
-2713
302
22208
7112
26214
14490
-28229
16672
17130
-3245
18286
-32449
-21235
5392
19214
-19139
-25225
8886
10014
30920
-7705
31342
-28421
-26927
-21715
7604
-4375
14474
14928
-5581
-17755
850
27512
-29971
-22929
4570
-15011
-653
-32371
130
1790
17346
31292
-14381
-9009
-22735
-25703
-19189
3902
24248
-20153
-2333
2476
19452
-32641
25158
15334
31596
-8479
26342
1502
22844
-2755
-32247
-11509
-26203
-1655
8940
-29215
1536
14432
-16361
21314
18822
2880
-30771
31712
-11897
17984
30438
10486
-753
-12269
5606
1060
25630
25216
-28951
-14861
-2853
13666
-14801
-20481
23594
-24559
24206
31962
27566
-14715
23270
-2339
28188
14994
17342
31360
17822
9092
25532
-3657
-8757
-27681
31742
-18297
-26633
24770
-32011
-5063
20478
-4233
-19465
19474
-30343
-28905
-26673
5122
-19647
23144
-1153
-23789
8118
-17059
27056
-4087
10760
-22419
-13415
9086
-25525
24592
17326
-8117
1068
-1427
-27557
22158
-27305
27456
16500
21214
-24769
13860
3460
17084
27452
-27323
19696
-24873
7458
-17333
13110
-8951
8472
-26105
-9011
-10979
-27885
-5611
7758
-18693
-21361
20970
-1267
2410
26758
-30237
-15171
-5631
-27513
19824
-1545
28592
11154
-13273
13296
17106
-6889
11744
26356
23230
892
6494
-4631
-30911
-4735
-23429
-32597
-4655
-11763
12320
-29145
14812
18554
32284
-14449
-14513
10090
21832
17472
6546
20256
-31065
-6067
-11399
-2455
-7729
8630
-17693
-15161
-14689
-22823
-14345
31220
3308
11402
-23567
-6801
20302
-6655
4642
-10305
5308
882
-6349
-31353
23982
4882
-11985
23808
-28315
17412
18704
-32327
-21763
25432
-24489
6136
-15795
7484
-5733
-1489
-69
-27247
17490
-16051
998
-29177
-7853
25590
24924
13082
-2821
23296
-26183
2944
23710
9494
23974
28092
276
-26993
16798
-23543
24640
-26005
-14967
-31457
-29535
14302
3816
-20715
-22385
14428
27028
1462
24288
-21473
6100
-13771
26210
-7511
-9655
11916
28960
-2391
-31559
-9835
20504
2040
24334
-17753
22720
-28901
-473
-4481
28396
-30131
30652
-5175
-26097
-3697
16982
-19243
-32011
5248
20566
-14819
31484
-32677
5694
12136
11510
31068
9320
-5183
-19643
-14959
24134
21658
-4611
26312
-14061
15056
29470
-23427
-5845
-19979
22746
9032
20186
2368
-18855
1240
-15495
-32357
-20473
-24549
916
14814
8174
-19495
-173
31288
-16433
11948
22902
-4121
14878
14704
-19915
-31351
-5415
-2349
11852
-4873
8566
21876
-7193
-24315
-21971
-26365
30170
22502
-17609
18492
-5635
-16639
27908
25652
18006
-23695
26878
1936
-3241
-5539
-16859
30704
-13545
29188
-27025
-5505
-15455
-24681
-8267
15056
562
14060
18704
20192
-24877
-30139
-29087
15738
-5827
8720
4510
18884
6992
-19811
17652
-28437
20386
7390
1396
17416
9144
-25873
-10171
-5071
-6857
-11751
-8027
8650
-20617
13016
-20025
19288
-25511
-13153
-25395
31726
27034
-10161
3078
10086
-20381
11686
-32367
-16025
19704
-16887
-7313
-21039
19074
-6579
-14487
22454
25444
12266
15258
17650
-25375
-23465
-13253
30068
-25809
556
-3511
3694
30644
14672
32040
21702
-27879
-28231
22736
-10601
-12913
-25743
28036
8162
-24451
-8485
-3235
-25387
-22013
5622
22960
-23747
7476
8598
6976
20992
23026
14132
-4887
-27559
-1983
17102
8590
23482
-22367
-7585
14392
-5521
22172
9956
24516
19500
17734
-21685
-21797
10952
-15223
20820
-497
31664
-1307
-30863
-21511
12630
22192
-18813
-14453
1442
-16203
-8303
-15769
9098
31708
19748
8326
-3811
4018
22844
18856
-15991
17986
-4847
31916
-7255
548
-12287
16282
-24691
32094
-7403
15684
-31079
-24293
19558
9956
30616
-18785
-6919
-22785
11904
-18225
6978
18322
70
-14255
-23959
30054
1938
-8629
-2313
-31427
-5023
3936
22482
24398
10898
-22291
-19541
19242
1546
-30143
12884
21348
15864
24162
-16483
-25999
-5553
25294
-28061
-5803
-8001
6572
-20373
22860
10498
26048
5264
24312
10606
-623
-28145
10448
7474
14718
32500
2930
-2947
9756
-9119
-10783
-9397
-10531
9206
-11545
12042
-29339
-10095
-14159
13768
17536
-31909
24380
11918
21188
2384
-12045
-2279
25752
-30325
28674
23584
6888
27866
17686
-10071
36
-30141
22754
-22485
17734
-21445
-8895
2462
-20497
-26681
-1835
-13893
32406
30832
22382
-17925
-17405
-26505
-29821
14094
642
14428
6430
-20253
18110
-27567
-3917
-2895
18472
3758
21726
-16951
-21211
-3477
-29541
11310
32410
7856
-3923
17898
-22289
-22917
-29281
-16723
-22877
20048
5426
-30865
-27343
-12719
-27699
5994
-11501
-28831
-31687
-28363
21178
-16551
-30625
9892
23352
-83
29040
-16889
21802
31716
23234
-10551
4126
27206
24098
11972
-24235
13890
21380
-16857
19960
-26613
21476
17300
-30333
-17025
-12329
-12873
18958
27138
-20303
7962
-789
9668
-14277
-8647
-6431
-4787
18452
-16071
24218
23058
25282
-29591
11228
16496
4470
23890
15208
8408
25436
11650
-7021
-10313
-2763
-24885
22672
-25957
32294
28244
-17899
-109
8192
-23345
1622
-12141
-12931
-29791
-15077
15028
6674
5318
31410
-9607
-13101
13302
30684
-20247
-16277
11964
-30159
8112
-11953
-32243
29894
5682
-17713
-20381
-13967
-18885
-26609
-13875
142
-13257
3616
-25145
-16133
22028
-7841
6676
-28051
4416
-15537
25632
26874
16300
-18379
5886
-3621
-26657
4808
-17451
-19049
7472
-5707
-12503
-267
23706
8796
20724
27138
776
-21331
-30861
-19967
10236
19960
-14169
-17323
30216
1768
4752
-21039
21310
-6459
-4349
7418
-28135
-28771
-19797
31934
376
-18775
-711
10684
-26561
20210
18388
23362
19048
-21909
-27489
114
2198
31252
10250
30276
9456
10192
8634
-24271
-20425
18976
24952
32196
-24981
11510
17284
-15931
-22945
-20671
-2979
17842
13570
13706
-5047
14418
12748
-24941
18578
-4725
21124
9764
26892
15206
-13783
27132
-15187
-13671
-5771
30704
-11395
-3833
-1975
-6929
-3703
-31063
-16687
-2347
26590
10308
-4163
-24741
-2705
24326
-16553
-15785
25636
-20147
-4535
-10885
15546
-10667
-3029
-28497
22558
4198
-18995
1234
11536
15216
-3255
-11935
-9949
-1713
9786
130
-9523
16882
-6899
-21281
11826
-27293
-819
27614
1734
12996
-1619
-23547
-9525
-31077
-491
23298
12788
-6125
-12613
8292
-2751
10490
26898
96
31720
-11365
-15195
20518
9200
11392
6074
-21821
13652
18588
-15305
17442
-2729
-18639
-2011
4658
-16619
7924
3050
-7881
-19475
30962
-24785
30636
-14823
18498
-8635
15524
5910
-25259
6620
26220
10884
8272
-31327
-29901
-31459
-6893
-11423
18440
-21123
29278
-5273
10612
-13675
-14945
22434
18280
32168
30108
-31573
-10331
-4581
16866
28880
22858
27196
6578
24608
-23387
22348
20224
-18425
-5311
16268
9016
17834
18652
18142
-8321
-6481
23468
5224
-6207
-14923
25696
-10911
-27355
-4079
21322
1444
31942
8828
-12025
29652
-31931
-22607
11430
-23707
-24389
4954
-10191
27016
13186
-17105
-15649
-17831
13606
15654
-3227
-26379
16322
30264
-26353
5802
-1863
26056
27182
10862
14790
12844
20894
9608
-28281
-29511
-31979
13064
-1543
8632
29318
11946
24580
1618
24904
-12275
-2487
15820
25946
-19325
-18977
9402
5202
32400
12090
16316
5278
-30961
126
29686
17446
-14591
15016
9152
-12845
-11771
30910
926
28792
21672
-28237
15218
-32691
532
22262
10224
23312
-20661
-32553
-20563
-26417
-25527
-18993
25678
18504
-29845
-22897
22086
-25469
-24295
-14573
26046
3984
-7803
13580
-11795
-14527
29606
15772
-3433
31722
8668
31254
-30693
-31989
-31871
-29475
-2845
31854
-13813
30048
30156
-28783
-9469
4446
-1995
9414
-29763
23790
32316
9812
28722
-22939
24584
-32179
-26377
-9335
-32397
32028
-20273
-21275
28304
-9607
10190
-8681
-3449
-26387
18324
22420
-26303
-16553
-3547
-483
-3489
732
10742
-28593
-16151
14868
-27841
-3129
24584
1004
22650
32656
-11197
21464
25298
-14451
9878
-27403
-7491
-17219
-10491
1944
-14243
4686
5782
-3799
4346
6992
-5567
14090
-19089
28218
23352
29760
-4427
-10545
-24091
11386
4408
28122
2064
-30477
18280
-15317
-13763
-27463
-9725
-21639
7062
-16981
16004
-3101
-25235
20580
26246
-11213
4516
-6407
-2649
-18783
5894
-729
8764
-14317
-1531
-28259
32164
-30183
-23743
13376
22736
-15449
26302
20094
-28835
-4977
3844
12616
-2227
4156
-14069
5826
6046
8112
25918
-16949
-3485
-751
-24843
32364
-26971
24778
-3451
23390
-3847
4228
6480
-28429
-5543
-473
22252
-7597
32432
-26175
-20601
-11529
3028
32620
-27751
-10019
10012
14104
-13851
20506
4406
25604
-7909
-13137
18960
-24635
-19251
3022
26534
21656
-16389
3040
20248
23944
-1185
-18437
-1023
-27921
3208
18698
-513
3604
32168
2420
-21667
-27855
-9939
-25119
-24927
-18597
14960
-10789
-6135
13090
-8561
-3585
32008
16442
-31365
-25077
17122
-3025
6542
-29609
-25751
-14465
-6997
7956
30546
-19351
24956
-10911
9706
2654
-2741
11912
-2743
-15521
15154
-2949
-23461
-30827
-18781
-13483
7302
-23313
8904
-20621
-19373
21362
-32103
30120
15544
24958
-10493
-1535
-5549
-28405
5332
28162
-8777
-9585
-23985
19124
29076
-26023
-30727
-15117
-29113
17386
-19051
-24733
-32277
-11761
19528
-21363
5006
-7641
31956
-3389
7974
-32365
17986
-4017
-6863
9382
8506
-18987
27778
622
3206
-663
-15243
-30377
11534
-17809
-12327
24182
10758
-8651
20816
19378
6502
-12975
29912
-1215
4250
15942
-30133
-12675
-11643
-27225
9372
-22963
-11135
19670
-9937
-6225
22828
23412
-14141
-10355
-467
32410
-32193
-12103
8058
19326
28874
26452
26906
10634
-29989
4354
-4363
-26371
-12309
-19549
18364
236
-16291
16406
-22183
8744
19766
12746
26500
7648
-11875
-29575
-19389
26916
2054
-19085
-22563
-22485
10130
-13137
-10463
8386
-1701
9928
-25003
-27921
11488
-17633
15938
-30433
-25589
2132
1812
-31533
-29185
26522
-15935
-755
-19997
1852
-6331
18326
-815
-24913
6100
13954
-13575
1602
22238
22542
-31655
-23249
24868
7590
-2273
30554
-9249
-23337
19496
3160
-20979
28560
2208
28714
18444
-24785
-4471
14872
-20011
28418
8312
-3729
16778
25282
-31453
182
-89
-6869
-22629
-11549
10604
7438
-16551
29134
-1073
11890
21158
26514
9444
13978
-10917
110
8454
-29273
-23101
28522
-26635
-14751
9900
15766
-5203
-23709
368
-12367
-18523
23594
-28437
-25791
-27701
358
-20555
-17571
-24373
-6301
-16699
-14417
29166
21358
-795
-14841
15452
5676
9216
-11819
-9315
13444
22772
-9625
10360
24928
-15945
-27679
-17055
22028
-29229
2304
-30613
-29847
15742
-5235
26190
-27005
-16095
1630
27554
4226
-19467
-25185
-11843
-8417
-32105
25878
9970
25766
-6113
-5783
30962
-32601
-18671
-26177
-11965
2012
-26869
13240
-12023
31126
14294
-26923
32160
16594
18368
2778
-7565
-26209
-2633
-24533
-9753
-7815
13246
6150
24856
-16149
-26807
-4977
1292
24786
-27119
-11963
24476
-12319
-12883
-14569
-1089
-12507
-15193
-30315
-21315
-31109
-23443
-21849
27876
10656
29572
14076
25818
8028
23730
29328
-18947
12402
20220
30024
-22101
27216
12334
-9107
23316
7542
-467
24478
-15687
14368
-24907
22810
5740
-13349
-19997
-2623
-19819
-7199
10894
-1553
-15305
27596
10866
31714
13086
20404
9282
5144
-30409
2060
-30831
2608
32226
-29403
758
-10243
4464
-347
-19253
1608
6876
7330
26108
-13915
13990
-15745
15848
-14653
-24407
-15277
13804
-26587
-17591
6172
-23089
-12435
-9023
18098
4896
19956
-12241
-15133
-3773
-23237
-27559
15614
21558
-26441
29834
-18249
-13755
29634
9540
30446
-5265
29748
-6743
-19641
11106
-16747
-28399
18038
21208
-6975
17942
4954
29802
-8215
-29735
26526
-8053
23980
-23685
-13165
29838
24336
22412
16640
-23319
23534
13512
32264
13584
-27923
-11621
29772
1328
-27181
-23271
-13715
15156
-21715
1564
16068
6776
29894
25166
5708
28356
-2423
2236
10688
872
-13513
18508
-11971
-4235
-791
7546
-2859
4800
-13433
26260
-2143
16602
-11075
-10281
-22019
5122
-9167
-30143
8152
5638
-6525
21188
-15069
27124
-31991
-8135
-11707
17128
8122
26600
-6239
15650
30930
-8845
-16105
-19803
9956
-15703
-15301
-14937
21362
-597
-7447
21698
-23387
-11895
-29021
24878
-24737
-19525
1872
-26751
-10607
9936
25866
-25205
-28763
-26857
14958
-28285
2536
15506
-21189
3786
-847
32434
-18853
-6567
-7807
-23309
-1815
21772
20322
25714
18168
-28783
7778
32054
12192
20700
5164
9186
15298
25416
-4787
-30761
-31635
-26915
16248
-3101
-28975
29484
25354
21922
3128
-32393
25032
21538
2240
-26647
12782
16002
-13673
-10751
29392
-19797
25802
6026
2400
30032
-3605
2870
26102
9726
-24823
-15113
-22353
-24757
20672
-10021
-3801
-15305
23236
-22173
14886
-9727
-3073
-22151
21958
-32325
2562
12114
-7483
21408
-8963
17498
15428
-24933
-10581
20922
9566
7084
7684
-31841
-12681
24578
28344
-10345
-27983
7774
-19161
2468
-14083
-3671
21494
-8823
-4679
-17555
11624
-9451
21712
-15491
12082
-27137
4206
-10829
16428
29510
24134
10506
-7009
10920
28514
6450
-1205
21640
-1645
17236
-12491
26640
-16055
-4875
-25637
-16839
17536
-32301
-3469
25698
25202
-27717
24500
15326
-2159
12868
11802
-5835
-12173
-30323
-4397
-18923
-16223
4268
-5557
-12795
-22647
15050
-31599
-2001
10280
9566
18168
-15015
-10641
17572
-10989
-17591
30678
-27061
-3153
11784
-5553
-31741
-9775
-12679
20010
26352
4224
-14425
4770
-4089
11854
8048
31254
-26803
18202
31580
17826
29020
20348
20068
3652
-16263
-9481
25814
-32739
23824
-16761
-19355
17808
-4949
10506
5390
-2827
-30371
-6175
-24591
-14217
-17903
-13357
21842
17844
-29383
-17367
-3837
23796
25992
12888
-7795
-4077
20944
25122
9322
-25673
12086
4804
12100
-1975
-10809
-24081
21404
-22067
-8567
-4223
-13087
-5513
800
-24781
-26013
2580
-7849
-19177
-30815
18636
-16069
4624
30652
27264
-8081
-11831
-14055
-1119
5390
10410
-18955
-2493
-30165
-11251
26266
31508
7686
-19197
7650
-1609
7810
-17273
-9697
-31793
27738
-16257
9306
16212
-9351
-23163
12328
-4081
-14299
-27969
-31955
22850
-4919
-25983
-25697
25600
-6143
11356
17262
4650
-30923
24668
-23423
-2051
-20063
26244
12180
26202
30942
5824
3836
-31245
8506
-1923
-17005
1232
-28399
-15533
3924
-811
-17905
-15793
1386
5058
8418
-22263
19080
-25561
-23433
-2687
22716
-17687
384
29640
25244
20618
29996
8944
20954
15084
754
13084
-5145
-15909
13480
8218
-10751
15376
31050
-8005
11404
32386
-29935
-32681
15530
-14473
-3323
21864
-4357
-11505
-1173
-29789
5660
-7693
15708
32254
-21657
27316
-28757
-1671
-4573
-31881
29480
-5461
24288
-27519
-23949
-1167
2360
-31389
-8961
1036
-8823
-20991
-29885
-17265
4538
6686
32744
1946
-25471
-23633
23564
12092
-19383
-19603
-15815
27336
-3613
24710
-16835
11154
-16581
22456
-25575
3634
7416
-6437
-30415
17450
-21055
2558
12154
16586
4030
-16809
-6467
-11601
-14275
-16137
-1555
-26709
-29087
-767
20180
-5221
-3509
-13361
-30761
31212
28624
12298
3932
16472
29626
11522
21400
17020
10
-21023
32600
-563
-15165
-26555
-17951
-32583
5896
-1417
23146
-30097
-9709
-25043
4066
-18017
-28429
-9733
-28119
4384
-13373
-27759
17898
-16179
-24155
-19271
-8969
-1827
-995
-4333
-9377
-11003
-15805
-5491
6670
30194
-15961
-17757
-29271
15690
24318
-18853
21528
26744
-5983
-28931
-29119
-17541
4976
-15979
-28155
9908
-23415
16598
25714
-8805
16998
-6213
-27315
-22073
3688
-19459
-7531
-5239
4026
-22059
-3547
-27311
6588
-2155
-9097
-19613
4680
-11783
17974
-26191
2882
-3873
-25617
22922
6768
-14647
10282
-27243
25484
-12525
-29993
24394
2200
-28941
30784
-6115
29810
23244
26718
8120
13224
-31567
17830
-16305
-20365
-19053
-11551
21254
-24461
-18103
-5293
25438
-17597
-4789
832
-20537
17334
-30579
-6475
-1419
28836
28732
32120
-1449
8602
9126
410
-19049
-23337
-28111
5090
-16773
27440
-24549
-20567
-26689
-9717
22764
18048
19022
-31093
-7099
-18275
-26605
-19193
1608
20404
18264
21226
20006
25158
-13661
27366
26188
-26309
31052
-531
29208
-24743
-19
11188
27028
4704
17064
31738
-21239
-24789
-27559
10012
-13679
2836
-61
5802
-10525
2626
4164
26910
-10337
11732
-12719
4020
-1625
-18435
-19241
-32379
11940
-32377
-29177
8876
4716
-4945
-24361
-4923
-26275
14910
-16359
-12205
6028
19978
-25899
-8489
5502
-31299
5786
-29137
-24293
-11569
-3243
-11859
-27529
26122
22024
17850
-23827
-13161
-11319
-7051
-6349
-30205
-31609
-13
-11945
15230
8690
744
-12677
17894
-10763
-21489
-25773
-4829
-1045
-9797
-25249
-30581
-815
-18837
-8473
-9239
-8553
28096
-30279
9406
-20265
-17575
860
12642
20942
-30269
-10317
25272
30100
-6877
-25815
7960
-5815
-12257
-19137
21438
17884
14960
-25953
20022
2988
-3223
-14945
18962
4034
-24731
-18371
1758
-9927
16014
-8995
31318
-3035
-24609
7740
29398
-18743
-1721
5294
-15889
-5137
-30661
-18175
10246
8128
4942
-26335
26160
-11297
-14543
14512
-17149
-21305
28232
-28229
7554
23068
32142
7914
-4461
-2317
-31717
-165
-23355
20198
28624
18108
-19627
-13243
2344
-18807
25970
24250
8044
-23335
25648
-13141
27224
-28263
-25507
18852
-10425
29090
22554
17924
-10623
982
-301
-21509
27412
-26263
9132
-18563
17644
20822
-8149
12050
20318
-2531
14282
18080
32178
-26161
6722
-12629
-7803
7002
1406
23486
-13863
32226
-5759
-24363
26580
5952
6262
-25429
-24677
13466
26748
17220
-30677
-21201
-16771
31088
31948
-3005
1164
-5927
24176
26810
-20763
19246
10366
-15971
488
-15275
-1433
-30109
25048
14146
15330
26072
-11563
-383
22472
-9361
-13047
15988
31010
-28187
-10965
-16803
-30331
2976
4826
17438
19116
-23139
-10697
17900
-177
-22599
22918
-7855
-4533
-22933
9678
388
-26991
19450
29478
-30763
-1201
-10959
-14865
6504
24126
-2205
31366
32424
-7645
-20961
-929
15592
-15787
11532
-25497
-25811
-6581
7118
5106
20010
7622
16788
13812
-12905
1406
29520
-29531
23208
25252
29816
22352
-25791
-23997
-1361
13208
-25517
25822
-9837
26124
-24379
15550
13682
-4681
30428
-10255
18206
9128
11224
-6415
25224
-11121
-5801
8538
-425
-28491
-2981
5122
31514
-15351
29406
-3553
-14623
20542
-22343
22574
-25061
29736
28952
-22863
21768
-4207
-12147
2030
8792
-23091
-1351
-5199
-24029
-26351
-32117
-15329
-29977
15532
-23089
-31507
27020
-12917
-17323
4456
5246
13578
-18927
3022
22520
-17369
15882
18732
24852
-14889
-9839
11578
24438
-14489
-21145
-30101
-22043
-17097
-20977
-25875
26962
-25943
-20977
-14675
-19975
-30733
10122
-7833
-15943
20568
-1987
-5593
-5889
30716
13220
274
778
-15367
6994
18910
22372
-10243
-15483
22086
1216
16752
16372
16346
-16961
6002
-6817
258
-21891
31430
13718
-3215
7132
29178
-24955
-917
14562
15838
-6453
-32125
-3629
566
-22467
5718
24670
-26289
-1381
14188
-19807
-17439
16388
19996
-30701
12766
718
25830
3156
-1941
-28961
21188
634
-10021
18602
29882
-16671
-8925
16078
-9647
-1635
5102
19784
-26747
-14729
13598
12820
-30785
2554
5568
9868
-13055
-32653
-30947
4562
-4707
-24581
13514
-14957
-9953
3548
9884
-15159
18690
-17471
-3677
16246
-29951
-21593
-26397
-19017
1166
18388
-3951
3398
15100
-3229
-22045
-4705
22396
3560
16154
-15631
-8639
-24181
5304
26284
9412
-22545
-6427
6682
3058
-21599
27630
12972
22116
25304
30804
25154
21636
-8209
32546
-25269
-9179
4668
-4427
-22133
-7463
12018
3740
7280
26798
28208
-31913
6966
-11475
-3743
-18951
-18267
-2791
28440
-20923
-26909
-24129
-8551
-13043
-25927
-29073
-6735
20724
3414
-7793
-8911
3924
-15065
-2877
28324
-7785
14878
-31525
-31759
-27649
18442
25728
8408
-3155
-10057
-16739
-26771
12086
4264
-20083
10274
-30097
702
-11255
-27259
-15123
13522
5426
6828
10276
-12537
-8687
3868
-8219
-22911
-18013
-23059
-24497
23944
-1309
892
-24501
-24823
1946
4074
20482
-23439
-4249
30938
-16047
29528
-32017
31288
-16261
-22085
18236
22820
10166
-22291
16366
-2037
-12747
20852
29222
19326
-7647
-6509
25826
-17809
-8715
-31229
12088
2242
-16161
-1791
-4771
-6509
-19869
-18001
-3995
-32763
22232
29750
10344
20576
-3711
-26361
-17975
19176
68
21972
29806
31284
-17875
-1807
-26173
-29311
22792
10604
-31349
-5671
-22111
-23747
12702
872
17324
11754
19012
3946
12044
-2519
-30609
29310
-14875
-27657
-26145
2468
-25959
19492
-785
20818
-12325
-3803
-14681
32112
-24611
32274
6492
-21159
1534
3140
7870
-9435
-4501
-26403
2166
7926
-2749
-7551
30500
14312
-16951
-23657
17828
30956
-3807
1944
-20451
30988
-27429
12556
-7153
-12775
-1729
13296
6488
4530
-8355
-30405
-27309
-28285
-15657
-6333
28004
-16055
-3221
-3685
29672
-15093
5566
-29063
26092
-19695
30982
-2127
-15099
-28619
-24459
18348
-855
-26015
27298
-21753
29440
-26161
-14209
-19165
-8979
-11009
-19259
17776
-32085
-31881
31474
-31135
1552
-9411
-9287
-23505
30750
27372
18966
-6603
-26435
31880
-26977
27600
23744
26534
-6793
-269
8740
-2661
21188
-2869
11878
-7095
-22987
-11625
-26929
-12645
-18387
21082
-14463
-26451
-8127
-11697
-3177
3078
22932
-27823
-23869
-30307
-28973
23056
20434
-26809
19760
31030
29720
9474
4672
-23683
-20979
5734
13940
-15111
14410
-13313
26888
-2395
-603
230
-8787
6604
-18257
19812
-28665
1980
10264
7560
20834
29254
12144
22754
-14443
-18977
30784
10124
-603
-14023
-3629
-8297
32024
22230
15468
-11435
-19611
24502
16084
17560
-17569
24700
2360
-27021
-2723
11278
-6387
-323
-5129
11912
1220
-30289
-21659
-12767
-16093
16882
12600
-21957
15670
-17161
2762
16076
-31783
1634
-30073
-16589
3894
-25659
-28703
-2187
13358
-5891
12284
2196
-7281
-12129
21676
11624
24718
2424
-6229
-7389
21014
10090
-20517
1218
8108
5402
20732
-15555
32604
-14647
-3173
16268
21294
14198
-31179
16178
31738
18462
8170
22734
-20093
10442
-21123
-11115
-24237
2666
30804
22050
5450
8332
-27975
-8579
17334
13786
21738
-22583
10758
-27107
-28959
4836
-9049
31774
-20757
-31569
27752
-18475
27766
-19147
-14431
-22365
32482
-1991
2028
11126
-14237
18120
-30357
-9905
4484
-29315
29262
13574
26438
-24385
-4427
-6825
6096
11654
-31251
3028
-20233
16368
4566
29126
18112
-18529
25856
268
5090
-12385
32270
-1279
-21489
-24765
7840
1166
-20145
11380
3792
-9277
-24613
25300
-30403
26990
-16057
-19681
-30333
-17119
-29121
6646
28666
-31349
3106
-32687
14202
29752
-32591
-4357
7708
24222
6776
-4283
2734
14348
2558
17146
5316
19866
-27433
568
-22023
-5911
-18461
7006
26064
-5197
4106
-13609
13046
-3973
24484
18128
12260
26958
-11731
25064
1262
-20859
-12459
-21381
-15589
-4459
3742
-24739
8168
-19341
12272
8644
12414
21538
17516
16858
32482
-1861
20822
9318
18078
-16425
23456
14050
-2651
-21923
608
-29021
8696
16360
7554
-19045
-28377
-19351
13498
-8745
10882
32250
-25277
-26847
868
-3721
-30897
1124
31734
-6575
30178
14626
16392
-28881
10166
-6711
-25685
-11149
-1507
17620
-17495
-24127
-7903
27362
-29279
6602
-10393
28908
28132
-6293
2406
-9017
-5147
-15571
27966
17976
-32457
17416
15144
1570
17750
21448
-32499
2522
21538
17346
-6951
11544
19996
18686
-22331
9670
11408
-26211
7688
6314
4416
18044
126
24902
-32439
25212
20630
4348
27354
-6783
-26759
26998
24512
8978
-29245
-22085
-7875
27638
-17159
10696
-31191
-25633
8080
8528
-22299
16134
31760
-29825
4782
7958
-3267
29692
12996
-18823
-15003
-31547
-8697
18260
20530
-14779
-25573
-6021
29442
-5985
30704
22192
15576
-14359
-24167
32704
2438
25270
29648
-10741
19672
20264
-5755
26668
1226
8142
19034
-11617
7160
-2591
20242
23154
20566
29330
23634
-22821
-29217
32702
30820
-26733
3862
26816
7426
-32233
-24033
734
7786
24750
32216
21098
-2229
24902
-24297
8936
26468
21240
-26065
-27251
11068
10826
-8335
31836
8788
-25797
-7961
-20245
13932
7672
-17485
-22861
25984
30144
9002
-19037
-10397
11206
15424
-8675
15604
5192
-12133
27308
-813
-18973
13738
7384
-26877
-16883
30606
27448
-4347
8924
-4977
-32763
-11439
-2057
-26699
27786
15596
4052
-30877
20656
11360
23556
31144
31998
30826
-26445
25310
5230
-23595
-21527
4502
28998
12768
-6273
-21763
-20799
-32367
11172
-30311
-3303
-23359
6172
4484
24132
-12877
-6085
-20819
31418
-125
7362
-25849
1070
4654
27588
-16631
5484
28176
11144
-161
28102
25146
3490
-31697
32766
-26487
29818
25820
-26727
-20193
14996
-709
3654
28082
32532
-23473
29822
15190
-7041
-25499
-32109
-5573
-9929
-841
-9745
-8207
-10629
-2943
-31855
28472
-26495
76
68
21972
29806
31284
-17875
-1807
-26173
-29311
22792
10604
-31349
-5671
-22111
-23747
12702
872
17324
11754
19012
3946
12044
-2519
-30609
29310
-14875
-27657
-26145
2468
-25959
19492
-785
20818
-12325
-3803
-14681
32112
-24611
32274
6492
-21159
1534
3140
7870
-9435
-4501
-26403
2166
7926
-2749
-7551
30500
14312
-16951
-23657
17828
30956
-3807
1944
-20451
30988
-27429
12556
-7153
-12775
-1729
13296
6488
4530
-8355
-30405
-27309
-28285
-15657
-6333
28004
-16055
-3221
-3685
29672
-15093
5566
-29063
26092
-19695
30982
-2127
-15099
-28619
-24459
18348
-855
-26015
27298
-21753
29440
-26161
-14209
-19165
-8979
-11009
-19259
17776
-32085
-31881
31474
-31135
1552
-9411
-9287
-23505
30750
27372
18966
-6603
-26435
31880
-26977
27600
23744
26534
-6793
-269
8740
-2661
21188
-2869
11878
-7095
-22987
-11625
-26929
-12645
-18387
21082
-14463
-26451
-8127
-11697
-3177
3078
22932
-27823
-23869
-30307
-28973
23056
20434
-26809
19760
31030
29720
9474
4672
-23683
-20979
5734
13940
-15111
14410
-13313
26888
-2395
-603
230
-8787
6604
-18257
19812
-28665
1980
10264
7560
20834
29254
12144
22754
-14443
-18977
30784
10124
-603
-14023
-3629
-8297
32024
22230
15468
-11435
-19611
24502
16084
17560
-17569
24700
2360
-27021
-2723
11278
-6387
-323
-5129
11912
1220
-30289
-21659
-12767
-16093
16882
12600
-21957
15670
-17161
2762
16076
-31783
1634
-30073
-16589
3894
-25659
-28703
-2187
13358
-5891
12284
2196
-7281
-12129
21676
11624
24718
2424
-6229
-7389
21014
10090
-20517
1218
8108
5402
20732
-15555
32604
-14647
-3173
16268
21294
14198
-31179
16178
31738
18462
8170
22734
-20093
10442
-21123
-11115
-24237
2666
30804
22050
5450
8332
-27975
-8579
17334
13786
21738
-22583
10758
-27107
-28959
4836
-9049
31774
-20757
-31569
27752
-18475
27766
-19147
-14431
-22365
32482
-1991
2028
11126
-14237
18120
-30357
-9905
4484
-29315
29262
13574
26438
-24385
-4427
-6825
6096
11654
-31251
3028
-20233
16368
4566
29126
18112
-18529
25856
268
5090
-12385
32270
-1279
-21489
-24765
7840
1166
-20145
11380
3792
-9277
-24613
25300
-30403
26990
-16057
-19681
-30333
-17119
-29121
6646
28666
-31349
3106
-32687
14202
29752
-32591
-4357
7708
24222
6776
-4283
2734
14348
2558
17146
5316
19866
-27433
568
-22023
-5911
-18461
7006
26064
-5197
4106
-13609
13046
-3973
24484
18128
12260
26958
-11731
25064
1262
-20859
-12459
-21381
-15589
-4459
3742
-24739
8168
-19341
12272
8644
12414
21538
17516
16858
32482
-1861
20822
9318
18078
-16425
23456
14050
-2651
-21923
608
-29021
8696
16360
7554
-19045
-28377
-19351
13498
-8745
10882
32250
-25277
-26847
868
-3721
-30897
1124
31734
-6575
30178
14626
16392
-28881
10166
-6711
-25685
-11149
-1507
17620
-17495
-24127
-7903
27362
-29279
6602
-10393
28908
28132
-6293
2406
-9017
-5147
-15571
27966
17976
-32457
17416
15144
1570
17750
21448
-32499
2522
2153